---------------------------------------------------------------
LimeSuite Source (RX) info

##################
Connecting to device
##################
LimeSuite version: 22.09.1-myriadrf1~ubuntu20.04
gr-limesdr version: v1.0-compat-xxx-xunknown
##################
Device list:
Nr.:0 device:LimeSDR Mini, media=USB 3.0, module=FT601, addr=24607:1027, serial=1D7505D2B85BDA
##################
INFO: device_handler::open_device(): no serial number. Using first device in the list.
Use "LimeUtil --find" in terminal to find prefered device serial.
Using device: LimeSDR-Mini(1D7505D2B85BDA) GW: 1.29 FW: 6
##################

INFO: device_handler::enable_channels(): SISO CH0 set for device number 0.
INFO: device_handler::set_samp_rate(): set sampling rate: 0.4 MS/s.
INFO: device_handler::set_rf_freq(): RF frequency set [RX]: 876 MHz.
INFO: device_handler::set_analog_filter(): INFO: device_handler::set_digital_filter(): digital filter CH0 [RX]: 0.4 MHz.
INFO: device_handler::set_gain(): 
Clearing running sum before changing gain 
Actual : Short = 0 /  Long = 0
Clear : Short = 0 /  Long = 0
Set gain [RX] CH0: 60 dB.
Running : Short = 0 /  Long = 0
INFO: device_handler::set_antenna(): CH0 antenna set [RX]: LNAW.
INFO: device_handler::calibrate(): INFO: device_handler::set_dspcfg_preamble(): INFO: source_impl::init_stream(): source channel 0 (device nr. 0) stream setup done.
Press Enter to quit: [SYNC] New preamble detected @ 7 (CFO 8039.84 Hz, STO 7)
[SYNC] Estimated SNR: 21.67 dB (2048 samples)
[MAC] Packet demodulated:  [ 0  1  2  3  4  5  6  7  8  9 10 11 12 13 14 15 16 17 18 19 20 21 22 23
 24 25 26 27 28 29 30 31 32 33 34 35 36 37 38 39 40 41 42 43 44 45 46 47
 48 49 50 51 52 53 54 55 56 57 58 59 60 61 62 63 64 65 66 67 68 69 70 71
 72 73 74 75 76 77 78 79 80 81 82 83 84 85 86 87 88 89 90 91 92 93 94 95
 96 97 98 99] [195]
--- 1 packets received with 0 error(s) ---
[SYNC] New preamble detected @ 7053 (CFO 5077.60 Hz, STO 5)
[SYNC] Estimated SNR: 21.14 dB (1024 samples)
[MAC] Packet demodulated:  [ 0  1  2  3  4  5  6  7  8  9 10 11 12 13 14 15 16 17 18 19 20 21 22 23
 24 25 26 27 28 29 30 31 32 33 34 35 36 37 38 39 40 41 42 43 44 45 46 47
 48 49 50 51 52 53 54 55 56 57 58 59 60 61 62 63 64 65 66 67 68 69 70 71
 72 73 74 75 76 77 78 79 80 81 82 83 84 85 86 87 88 89 90 91 92 93 94 95
 96 97 98 99] [195]
--- 2 packets received with 0 error(s) ---
[SYNC] New preamble detected @ 14100 (CFO 8753.79 Hz, STO 4)
[SYNC] Estimated SNR: 21.72 dB (2048 samples)
[MAC] Error in CRC, packet dropped [  0   1 130   3   4   5   6   7   8   9  10  11  12  13  14  15  16  17
  18  19  20  21  22  23  24  25  26  27  28  29  30  31  32  33  34  35
  36  37  38  39  40  41  42  43  44  45  46  47  48  49  50  51  52  53
  54  55  56  57  58  59  60  61  62  63  64  65  66  67  68  69  70  71
  72  73  74  75  76  77  78  79  80  81  82  83  84  85  86  87  88  89
  90  91  92  93  94  95  96  97  98  99] [195]
--- 3 packets received with 1 error(s) ---
[SYNC] New preamble detected @ 21148 (CFO 8539.79 Hz, STO 4)
[SYNC] Estimated SNR: 23.05 dB (512 samples)
[MAC] Error in CRC, packet dropped [ 20  89 104  16  82  11 160 138  25  40 135  72  52 190 220  32 130  55
  75  18 201  65  21 208  44 223 208  97  94  58 166  40  96 153   7 144
  67   9 128  78  32 104 194  56  67  46 157  96 212 183  96 146 180  65
  14  16  83  13 184  97   9 186 167   5 150 134 106 102 210 108  32 193
  25 147 230  31  52 132 216 253 130  76 235  76  73  36 148  59  60 148
  80 134 222  80 162 133  96 198   4  34] [8]
--- 4 packets received with 2 error(s) ---
[SYNC] New preamble detected @ 28195 (CFO 8301.75 Hz, STO 3)
[SYNC] Estimated SNR: 21.84 dB (2048 samples)
[MAC] Error in CRC, packet dropped [  0   1   2   3   4   5   6   7   8   9  10  11  12  13  14  15  16  17
  18  19  20  21  22  23  24  25  26  27  28  29  30  31  32  33  34  35
  36  37  38  39  40  41  42  43  44  47  46  47  48  49  50  51  52  53
  54  55  56  57  58  59  60  61  62  63  64  65  66  67 212  69  70  87
  72  73  78  75  76  77  78  79 240  81  83  83  86  85  86  87  88  89
 122  91 125  93 222 127 112 115 106  99] [211]
--- 5 packets received with 3 error(s) ---
[SYNC] New preamble detected @ 35245 (CFO 5841.50 Hz, STO 5)
[SYNC] Estimated SNR: 21.89 dB (2048 samples)
[MAC] Error in CRC, packet dropped [ 96  62 249  97 190 251 143 131 132  28 135 255 194 110 151 199 233 191
 153  13 138 202 143  11 204 108 189 205 223  47 191  11  16  48 153 125
 150 210 255 151 180  23 247 213 150 119 159 223 153 184 217  25 186 219
 255  31 156  93 157 223 159  30 159  31 229 182 227  33 162  59 163  35
 181 108 181  55 236  46 167  39 232  58 171 109 174  42 171 171 252  44
 173  45 174  46 175 111 177  48 179  53] [225]
--- 6 packets received with 4 error(s) ---
[SYNC] New preamble detected @ 42294 (CFO 2056.96 Hz, STO 6)
[SYNC] Estimated SNR: 23.93 dB (2048 samples)
[MAC] Error in CRC, packet dropped [142  60  73 134  31 193   6  28 199   4 240 123 255 246 115  12  59 131
  14  57 142  24 252 227 252  51 231 252  55 131  28  53 134  28 193 238
 255 255 198  48 103  30  48 103  31 249 211  30 251 151 206  32 238  30
  60 207  28  41 135 216 247 142 220  35 198  58  97 199  48  65  63 156
 249 132 153 251 140 118  71 140  96  65  61 185 227 152 177 227 159 243
 206  60  96 195  57 245 175 156 243  46] [176]
--- 7 packets received with 5 error(s) ---
[SYNC] New preamble detected @ 49342 (CFO 7454.73 Hz, STO 6)
[SYNC] Estimated SNR: 22.66 dB (512 samples)
[MAC] Error in CRC, packet dropped [ 13 193   2  15 134   5 102  54 251 239 122  10  31 133  14  31 158  17
 218  99 180  23 117 182  31  11  22  63  12  28 210 255 109 190 194  33
  38  63  36  35  59 201 186  63 255 191 174  41 108  55  42 125  20  61
  55 182 251  61 254  59  92  63  54 207  96  65  91  77 244 197  77 254
 200 111  68 203 108  77 127  95 113 145 209 115 214 215  78 119  88  75
  59 255 127 221 255 127 240 119 251  99] [255]
--- 8 packets received with 6 error(s) ---
[SYNC] New preamble detected @ 56391 (CFO 8506.87 Hz, STO 7)
[SYNC] Estimated SNR: 21.89 dB (2048 samples)
[MAC] Error in CRC, packet dropped [ 27   1   6  17   4   9   6 223 104 143 146  11  28  12  14  15  16  17
  22 151 124  53  36  87 120  27  26 123  28  29  31  63 106  13   6  35
 100  37  38 103  41 169  34  43  44  37 110  47 240  60  22 179  52  81
  54 119  56  57 250  91  60  63 127 191  64   0  80 241  77  65  86  30
  72  79 138  75  76 207  78 239  83  17  82  33  23  85 214  87  89 219
  90  91 124 157  94  95  96  60  98 195] [219]
--- 9 packets received with 7 error(s) ---
[SYNC] New preamble detected @ 63436 (CFO 8231.97 Hz, STO 4)
[SYNC] Estimated SNR: 23.35 dB (2048 samples)
[MAC] Error in CRC, packet dropped [103 158 120 231   4 144 199   5 160  65   5 160 129   8   6 218 104 165
 195  10 193 131  10 227   2  49 108 148   8 204 180   0  67 134 149 227
 134  32 219  13 162 153   4 112 134  68  16 134 202  34 198 130 131 151
  12 107   6 205 107   6   9  32 182  48  65  22 128  91 132  48 219 136
  16  66  45 166 209  13 230 209   8 113 177   8  33 204  58 228 178  56
  68 146  80 227  12   8   3 204  20  99] [110]
--- 10 packets received with 8 error(s) ---
[SYNC] New preamble detected @ 70483 (CFO 6911.04 Hz, STO 3)
[SYNC] Estimated SNR: 22.25 dB (2048 samples)
[MAC] Error in CRC, packet dropped [ 13 129   2  11 130   5 196 111 190 201 106  11  31  13  14  15  28  17
 202  83 244  23 119 255  62  27  22  59  28  28 158 223 105 149 226  35
  34  55  38  39  62 233  42  63 191  44 174  47 120  53  42 187  52  53
  39  54 190  57  62  59 252  61  62 191  32  65 115  75 245 197  79 103
 200  73  71 203  76  77 110 223  49 209 209  83 213 215  94 119  88 217
  91 219  95  93 222  95  96 127 249  99] [231]
--- 11 packets received with 9 error(s) ---
[SYNC] New preamble detected @ 77529 (CFO 6595.79 Hz, STO 1)
[SYNC] Estimated SNR: 22.10 dB (2048 samples)
[MAC] Error in CRC, packet dropped [247 242 121 246 248  15 182 248  79  63 134  97  66   6  99 255 186  31
 253 242 216 125 132 195  69 247  67 133  52  63 126 116 254 255 201 199
 136   8  70 243 239  57  18 239 250  11 219 250 138  18  79 252 200 124
  60 204 253 188 146 143  76  18 202 249 207 246 121 198 243 127 224 152
 209 142 152 145 207 246 126 143  54 255 227  27 211  13 215 151 201  23
  93 245 109 223 119 148 229  31 211 167] [219]
--- 12 packets received with 10 error(s) ---
[SYNC] New preamble detected @ 84579 (CFO 3903.00 Hz, STO 3)
[SYNC] Estimated SNR: 23.00 dB (2048 samples)
[MAC] Error in CRC, packet dropped [139  62  78 191 240  56 251 240  97 228  23 134  24  51 145 207 240  73
 223 240  65 132 103 182  47 243 174  59 224 223 191 224 195 252 119  76
 112 199 123  27 225 159  31 225 152 120 177 156 112 134 127  51 193 187
 103 207  63  72 172  84 160 230 115 203  80 251 247  89   3  13  12 253
 206  52 233 206  33  35  55 105  38  41  60 213 223  70 137 159 218 154
  73 105  70  91 104 165 188 229 169  53] [131]
--- 13 packets received with 11 error(s) ---
[SYNC] New preamble detected @ 91628 (CFO 8451.07 Hz, STO 4)
[SYNC] Estimated SNR: 23.10 dB (1024 samples)
[MAC] Error in CRC, packet dropped [162 166  72  35   2 209  65   6 219  68 180   8  32 162  19  75   0 217
   2  29 183 153  68  32  98  14  32  66   5 176 134  21  55 134 252  32
 194 136  64  54  27 115  52  29  96 132 147  96 130 148  66  46  86 226
   4 112 226   9 160  87 149 164  70  24 116  10  28 115 240  65  40 134
   8 196 142   8 205  98  88 203 108 120  69 157  32 187 157  32 145 142
  58 194  88  48 201   5 160 134  59  48] [180]
--- 14 packets received with 12 error(s) ---
[SYNC] New preamble detected @ 98675 (CFO 4034.18 Hz, STO 3)
[SYNC] Estimated SNR: 23.15 dB (2048 samples)
[MAC] Error in CRC, packet dropped [224 252 241 195 255 242  59   5   8  49  15 245 192 252 241 195 231 255
  98  24  19 141  26  17 129 248 227 130 251 227 238  28  32 195  49 253
  31 204 251  30 232  39 205 232  33 206  57 215   7 241 130   6 243 135
 216  41  65 222  35 143  59 241 142  56 255  60 140  67 196  51  64 134
 119 241  58 117 247  60 152  67 156 126  79 152 120  77  53 209 174  56
 212 194 156  99 207 156 127   3  12 125] [130]
--- 15 packets received with 13 error(s) ---
[SYNC] New preamble detected @ 105723 (CFO 8607.90 Hz, STO 3)
[SYNC] Estimated SNR: 22.11 dB (2048 samples)
[MAC] Error in CRC, packet dropped [  4 193   2  15 134   5 226  51 203 101  58  11  13 137  14  14 150  25
  94 115 148  21 119 151  27  17  26  27  28  29 222  95  37 179  98   2
  38  61  38  39  43  40 170  43  45 137 206  47  52  51  56  59  52  45
  51  55 187  52 190  59 124  61  62  63 112  65  75  15 240  69  79 119
  72  37  74 203  44  77 108  78 113  65  83 114 210  85  86  87  88  89
 122  91  29  29 222  87 192 115 121  67] [243]
--- 16 packets received with 14 error(s) ---
[SYNC] New preamble detected @ 112770 (CFO 8020.53 Hz, STO 2)
[SYNC] Estimated SNR: 22.72 dB (1024 samples)
[MAC] Error in CRC, packet dropped [ 50 244 218 248   5 223 218   4  30  65 232  97 130  41 148 187   4 157
 215  12  24 196  83  67 183  18 195 246  13 239 126   9  47 132 101 196
   8 102 241 174  25 249 108  17 131   9 145 199   8  71 250  60  51  52
  92 225 181 203 197 206  12  67 119  16  53  36  96 225 117 144 138  24
 182  74 152 100  66  38 110 162 224 146 143  19  72 198  23  89   6  28
  51 165 249  96 142  16 203 158  17 193] [232]
--- 17 packets received with 15 error(s) ---
[SYNC] New preamble detected @ 119818 (CFO 8538.24 Hz, STO 2)
[SYNC] Estimated SNR: 22.05 dB (2048 samples)
[MAC] Error in CRC, packet dropped [223 108   6 155 108 134  26 131 242 199   4 182  29 206  15 159 223   8
  48 137 109 142 218 238 135 220  15 190 221  30 125 143 237 158  16  91
 113 182  17 243 183 147  13 151  19 142  22 223 247 248  62 217 121 190
 219 156 154 156  28 151 255  94 102 187 223 225 166 161  61 178 250 175
  50 252 100 228 221 231 111 163  63 173  48 187  45 186  58 107  45 203
 127 173  61 169 175 158  45 177 176 113] [33]
--- 18 packets received with 16 error(s) ---
[SYNC] New preamble detected @ 126865 (CFO 7978.07 Hz, STO 1)
[SYNC] Estimated SNR: 23.37 dB (1024 samples)
[MAC] Error in CRC, packet dropped [136  50  74 172 208  73  44 144  65 100  22   4   8  34 145  73 176  77
  93  48  67  12  68 148  27  97  40  27  96 150 179  96 130 184  65  28
  16 197  45  18 193  28  22 193   8  48 145  12  48 134  93  32 194   9
 102 142  27  72 140  16 224 132  51 197   0  51 197  12  18  89   8 129
  10 100 177 134  68  35  66  72  39   5  56  49 146   8 113  20 144  97
 130  26  77 134 104  97  20 177  97  28] [22]
--- 19 packets received with 17 error(s) ---
[SYNC] New preamble detected @ 133914 (CFO 5099.41 Hz, STO 2)
[SYNC] Estimated SNR: 23.15 dB (2048 samples)
[MAC] Error in CRC, packet dropped [161 131 241 195   7 255 196 244   8  48 226  19 203   3 249 195   5 255
 159 196  48 102  30  32 102   7 241 134   5 247 135 220  48 195 140  99
  62  63 243  52  61 240 207 147 225 131 148  67  46  95 226   4 121 230
   9 160  87 135 188 198  30 119 130  28 115 252 113 184 135   8 196 143
   8 207 226 124 203 108 121 225 157  48 159 159  32 145 158 123 230  88
 113 203  29  40 135  43  32 188  12 248] [190]
--- 20 packets received with 18 error(s) ---
[SYNC] New preamble detected @ 140967 (CFO -10352.23 Hz, STO 7)
[SYNC] Estimated SNR: 22.54 dB (2048 samples)
[MAC] Error in CRC, packet dropped [255 254 253 255 255 250 251 253 255 247 253 245 243 246 253 243 239 254
 255 253 251 235 255 249 231 254 239 231 255 251 239 244 255 255 253 223
 223 223 219 218 223 247 223 252 251 219 245 213 223 255 223 238 251 222
 223 234 231 222 239 207 255 243 207 251 255 190 191 254 255 250 255 255
 247 183 191 245 183 190 185 251 255 254 237 253 251 235 173 249 239 190
 245 247 183 239 245 180 255 191 221 223] [126]
--- 21 packets received with 19 error(s) ---
[SYNC] New preamble detected @ 148015 (CFO 12120.17 Hz, STO 7)
[SYNC] Estimated SNR: 22.85 dB (512 samples)
[MAC] Error in CRC, packet dropped [ 48  22 130  40  38  24   1  32  80   1   0 144  80 173   4 112 253  36
 219  33   2  65  33  32 113 152  16 161 138  40 246 129 164  22  66   8
 146  81  80  98   2   0 220 148  48 204 242  97  66 180  17  35  50  65
  67  32 167  27 100 160 162  42  18 195  53 128   9 100  60   4   0  76
 148  87 161   4  83  65   6  72 173   4 129  21  20 193   4   8 114 135
  24  49 201 132  65 121 100   0  36  64] [4]
--- 22 packets received with 20 error(s) ---
[SYNC] New preamble detected @ 155062 (CFO -10033.31 Hz, STO 6)
[SYNC] Estimated SNR: 23.07 dB (1024 samples)
[MAC] Error in CRC, packet dropped [255 254 255 254 251 255 255 252 247 247 253 245 255 247 243 254 255 239
 239 254 255 254 249 239 247 255 231 254 235 230 251 243 255 222 255 223
 251 251 223 249 247 222 221 215 223 250 243 213 255 223 239 237 223 238
 249 239 223 247 231 236 251 207 251 237 191 255 253 254 191 255 253 188
 247 191 253 247 191 247 247 254 191 239 189 190 235 190 235 239 191 239
 175 190 243 246 189 243 223 222 253 223] [61]
--- 23 packets received with 21 error(s) ---
[SYNC] New preamble detected @ 162105 (CFO 8996.79 Hz, STO 1)
[SYNC] Estimated SNR: 21.94 dB (2048 samples)
[MAC] Error in CRC, packet dropped [ 22   3  12  51   4  12 134 215 105 143 218  27 104  15  14 103  16  17
  31 183 200  85  54 201  80  31  26 195  28  29  29 126 150  57 110  35
 228  37  38 167  45  33  58  41  44  29 254 110 176  59 127 179  44 125
  23 247  52  56 186 187  60  59 253 127  64 195  35 119  86  76 118 119
 200  76 202 219  77 207  77 103 116 209  50 119 215  68 214  85 219  29
  90  91 125 253  90  60 224 249  99 227] [219]
--- 24 packets received with 22 error(s) ---
[SYNC] New preamble detected @ 169157 (CFO 11947.94 Hz, STO 5)
[SYNC] Estimated SNR: 22.51 dB (2048 samples)
[MAC] Error in CRC, packet dropped [115  64 186 203  16 130 232  56  24   0  68  97 158 161   5 246 185 133
 152 138 232  22  64 240  89  64  54 205  72  35 192 196 184  65  13 203
   4 130  39  48 200  96 161  80   9 161  73 180  98 132  46 136  28  18
 185 240 161 193 136 204 244  43 172 197  28  44 210  17  19  17 105  34
  25  68  68  27 158 121   6  80 170 227 144  66 217 160 193   2  94 244
  48 147  74 243 243 242 104  39  10  17] [6]
--- 25 packets received with 23 error(s) ---
[SYNC] New preamble detected @ 176205 (CFO 8734.68 Hz, STO 5)
[SYNC] Estimated SNR: 22.40 dB (2048 samples)
[MAC] Error in CRC, packet dropped [ 52 211 199  76 243 183  75 192 195 205 224 131 160 254 153 225 191 128
 118 129 228  94 162   4  35 191 176 158 191  49 237   3 232  47  67  12
 162 246 119  71  31 200 116 132  96 189 197 162 102   4 226 135 186  89
 250   7 251 126  37 187 199  52 227   5  52 239 151   9 239 183 104  32
 200 111 102  99 174 194 140  17 177  38 121 249 232 238 206 172  38  79
 252 196 146   9  67 179 232  69  78  92] [37]
--- 26 packets received with 24 error(s) ---
[SYNC] New preamble detected @ 183249 (CFO 9082.04 Hz, STO 1)
[SYNC] Estimated SNR: 23.50 dB (2048 samples)
[MAC] Error in CRC, packet dropped [ 33 130  16 217  38  16 122   5 148 210   5   4 160 136  32 131   8  36
 209 136  44 245   8  44 130  17  33 166  16  65 199  16  41  35  16  89
 198   0 226   4  34 208  13   0 146 141  32 129  76  32 101 140  32 227
  20   9  18  16 105 178  20  65 135  20  97  38 160  83 142  32 112  65
   8  66   8  36 160   8  36 179  10  68 211  90  97 196   9  64   6 136
  97 130   8  66 198 168 179  10  24 129] [200]
--- 27 packets received with 25 error(s) ---
[SYNC] New preamble detected @ 190303 (CFO 7865.07 Hz, STO 7)
[SYNC] Estimated SNR: 22.59 dB (1024 samples)
[MAC] Error in CRC, packet dropped [146  92 221  19 208  48 243 216  32 200  47 166  40 111 161 159 160 121
 167 176 129   8 239 236 231 167 140 119 192 243  27  80 130   8 255 156
 241 199 242  23  33  14  47  97  40 217 161  40 161 195 166  86 129 255
 221 137 106 209 205  40 193 141 127 229 194 127 255 146  14  58  27 169
 187 107 177 167   4 110  79  28 118  90  51 243 255   9 147 253  49 164
 130 116 252 250  81 218 155 105  98 154] [31]
--- 28 packets received with 26 error(s) ---
[SYNC] New preamble detected @ 197345 (CFO 7164.21 Hz, STO 1)
[SYNC] Estimated SNR: 21.65 dB (2048 samples)
[MAC] Error in CRC, packet dropped [100   7  26 111   4  29   7 183 200  13  26  11  92  13  30  79  16  17
  27 119 148 213 127 151 216  31  58 155  28  61  30  95  36  49 250  99
  36  37 103 167  43  41  62  43  60  45 190 111  48  51 251 115  52 255
  60  55  56  57 190 187 124  61 190 255  65 199  67 107 118 205  78 119
 216  73 203 251 204  77  78  95 125 113  82 127 118  85  86  87 218  93
  90 123  94 125 126  95  96 241 227  99] [243]
--- 29 packets received with 27 error(s) ---
[SYNC] New preamble detected @ 204397 (CFO 8774.52 Hz, STO 5)
[SYNC] Estimated SNR: 21.83 dB (1024 samples)
[MAC] Error in CRC, packet dropped [  0   1   2   3   4   5   6  15   9   9  26  11  12  13  14  15  16  17
  18 147  20  21  22  23  24  25  26  27  28  29  30  31  32  33  34  35
  36  37  38  39  40  41  42  43  44  45  46  47  48  49  50  51  52  53
  54  55  56  57  58  59  60  61  62  63  64  65  99  67  68  69  70  71
  72  73  74  75  76  77  78  79  80  81  82  83  84  85  86  87  88  89
  90  91  92  93  94  95  96  97  98  99] [195]
--- 30 packets received with 28 error(s) ---
[SYNC] New preamble detected @ 211444 (CFO 10633.32 Hz, STO 4)
[SYNC] Estimated SNR: 21.62 dB (2048 samples)
[MAC] Error in CRC, packet dropped [ 64   5  18  75   4  21   6  39 140   9  74  43 156  13  14 143  16  49
  18 211  20  21  22  23  56  25 127  27  28  93  30  31  40  33  34  99
  36  39 102  39  40  41  42  43  60  44  46 175 112  49  50 179  52 183
  54  55  56  57  59  59  60 125  62  63  64  73  66  83 100 101  86 103
 104  73  75  75 204  77  78  95  91  81  82  83  84  85 214  95  88 217
  90 123  92  93 126  95  96  97 226  99] [227]
--- 31 packets received with 29 error(s) ---
[SYNC] New preamble detected @ 218491 (CFO 1055.61 Hz, STO 3)
[SYNC] Estimated SNR: 22.28 dB (2048 samples)
[MAC] Error in CRC, packet dropped [  7 225 130   7 231 135 254  31 121 247  27 141  15 201  14  14 223  13
 254  51 244  23  54 247  31 209  26  31 214  29 252 127 231 255  98  59
  35 189  62  35 185 232 219 187 239 219 238  63  63  19  62  63  52  45
 246 251 255 255 254  41 118  31  62 127  56  97 255 135 216  71 199 223
  78 119 110 207 124  77 127  79 240 221 209 242 219 215  95 119 104  89
 123 223 253 221 223 247 248 127 127 186] [223]
--- 32 packets received with 30 error(s) ---
[SYNC] New preamble detected @ 225538 (CFO 7634.82 Hz, STO 2)
[SYNC] Estimated SNR: 22.46 dB (1024 samples)
[MAC] Error in CRC, packet dropped [ 15 135  28  31 255  19 240  32 131 200  78  56 109 166  56 126 126 255
 144 137 176 208 177  56 159  76 208 255 124 127 240 202  13  49  29 233
 182 201 113 166 134 111  79 158 127 121  56 249 239   8 145 253  48 174
 177 247 159 251 208 209 221 105 241 159 225 132 210  30  34  18  46  42
  59 217 226  43 226 239 182 122 130 254 218 138 236 211 207  59  67 207
 124 244 194 124 246 219  97  59 247 234] [102]
--- 33 packets received with 31 error(s) ---
[SYNC] New preamble detected @ 232589 (CFO -10756.21 Hz, STO 5)
[SYNC] Estimated SNR: 22.65 dB (4096 samples)
[MAC] Error in CRC, packet dropped [255 255 255 253 255 254 249 250 255 246 247 255 251 251 255 249 239 254
 253 239 255 251 237 236 247 247 247 245 255 247 237 234 223 255 255 252
 255 255 249 255 247 223 247 246 219 215 219 242 239 254 237 253 255 235
 205 251 247 206 247 238 247 234 231 221 255 255 189 189 255 254 255 190
 255 247 253 188 243 255 181 253 239 191 255 174 187 254 255 236 231 247
 237 183 171 183 251 174 255 222 253 190] [255]
--- 34 packets received with 32 error(s) ---
[SYNC] New preamble detected @ 239632 (CFO 126.74 Hz, STO 0)
[SYNC] Estimated SNR: 22.30 dB (2048 samples)
[MAC] Error in CRC, packet dropped [  7 225 130  15 227   7 246  63 251 255  59  15  15 205  14  15 223  29
 252 114 244  23 119 246  31 153  30  31 158  20 254 111 239 223 226  50
  39  63  54  39  59 233 251  59 239 254 238  63 126  55  62 127  20  45
 167 255 255 175 246  59 110  62  62 125 112  65 127 207 252 197 207 190
 204 127  71 203 124  77 127 223 241 216 211 243 223 215  94 119 120  91
 123 255 111 221 255 127 240 127 255 243] [255]
--- 35 packets received with 33 error(s) ---
[SYNC] New preamble detected @ 246684 (CFO 5774.94 Hz, STO 4)
[SYNC] Estimated SNR: 22.46 dB (4096 samples)
[MAC] Error in CRC, packet dropped [155 211   3 247 199  15 255 220 252  20  32 196  63 182  19 215 166  31
 223 253 136 104  78  52 120  78  39 227 108  47 255  77 168  84 131  12
 199 252 111 183 120 111  32 159  47 165 151 184 166 252  95 198 136 219
 206 223 240 237  47 248 204  52 255 212 120 243 252 247  49  14  17 157
  26  25 191 196 249 191 248 243 105  62  97 253  62 105  99  52 191 205
 241 163 219  43 113  94 127 101 249   9] [185]
--- 36 packets received with 34 error(s) ---
[SYNC] New preamble detected @ 253734 (CFO -9853.19 Hz, STO 6)
[SYNC] Estimated SNR: 23.37 dB (1024 samples)
[MAC] Error in CRC, packet dropped [255 255 255 253 255 254 249 255 255 247 247 252 251 255 251 253 255 255
 237 238 255 255 239 252 247 255 245 247 255 247 231 238 255 223 223 254
 255 254 249 255 255 255 215 255 255 214 217 243 223 254 239 223 255 235
 207 249 215 206 245 231 223 251 231 220 255 255 189 189 255 190 251 190
 191 247 255 188 243 255 253 245 175 191 255 174 187 255 255 254 231 190
 255 239 175 179 235 170 255 222 189 255] [191]
--- 37 packets received with 35 error(s) ---
[SYNC] New preamble detected @ 260781 (CFO -269.65 Hz, STO 5)
[SYNC] Estimated SNR: 22.79 dB (2048 samples)
[MAC] Error in CRC, packet dropped [ 31 127 142  60 130 248 227 134 122  57 254  13 187 254   8  48 140 247
 199 254 117 199 252  27 247 252  24 119 142 227 142  24 239 227 126  51
 227 252 179 143  30  51 142  16 203 231 120 119 236 249 231 239  29 195
 156  16 199 254 248 238 126 233 195 207  33 158  57 254 159  48 248 196
  93 249 199 253 231  30  63 209 158  55 211  30 120 103  79 251 237  60
  35 151  60  35 131 248 241   3  56 176] [8]
--- 38 packets received with 36 error(s) ---
[SYNC] New preamble detected @ 267828 (CFO 5346.97 Hz, STO 4)
[SYNC] Estimated SNR: 22.60 dB (2048 samples)
[MAC] Error in CRC, packet dropped [ 31 127 248  24 125   7 225 134   8 228 123 252  18 255 254  48 227  17
 221  15 220 223  15 248  55 255 249 101 254  25 135  24  33 191 198 248
 102 231 249 102  62  38 207  60  41  31 204 240 205 241 211 207 247  63
  23  56  97  27 245 165 221 249 167 135 222  66  56  99 185  52  67 115
 136 243 122 207 243 206  52  95  99 124  79 116 121 230 158 159 231 158
 121  78  46 106  79  39 225  98  44 227] [204]
--- 39 packets received with 37 error(s) ---
[SYNC] New preamble detected @ 274878 (CFO 3278.24 Hz, STO 6)
[SYNC] Estimated SNR: 23.26 dB (4096 samples)
[MAC] Error in CRC, packet dropped [160 254   8  48 236  48  39   3 247 255  59 144  65 156 120  65 140  96
 134 103  23 225  31  63 193  56 208 163  56 224 142  63 119 252 254  49
   3  48 241   7  56 255 140 209 231 156 166  65  30  97 241 102 121 193
 104  47 142  56 103 163  30 225 211  62 227   2   9 206 237 252 103 221
 244  67  62 124  66   6 121 239 137  28 135  25  52 159  60 243 194  12
 243 207  57 252 143  17 103   2 244 207] [29]
--- 40 packets received with 38 error(s) ---
[SYNC] New preamble detected @ 281921 (CFO 3200.27 Hz, STO 1)
[SYNC] Estimated SNR: 23.04 dB (2048 samples)
[MAC] Error in CRC, packet dropped [195 248  32 195 240 192 156  15 255 253 239  65   2 113 225   6  49 195
  25 220  95 134 254 255 132 227  67 132 227 130  56 253 223 247 248 196
 108 195 196   8 231 254  51  71 158  98 189 132 121 135 197 219 199   5
 160 254  60 225 159 204 123 135 108 251 140   8  39  59 255 177 155 127
 241  12 249 241   8  25 239 190 238 122  60 110  90 124 243 207  40  51
 207 125 231 250  53  71 156  11 247  60] [127]
--- 41 packets received with 39 error(s) ---
[SYNC] New preamble detected @ 288973 (CFO 2279.28 Hz, STO 5)
[SYNC] Estimated SNR: 22.94 dB (2048 samples)
[MAC] Error in CRC, packet dropped [225 158 124 171 248  56 243 252  48 230  31 195  28  51 240 207 208  40
 211 244  65 132 119 247  39 211 230  47 160  89 159 224 195 156 119 134
 120 227 243  11  48 143  31  48 156  76 241 148 112 199  95  59 193 191
 103 193 183 120 230  28  96 230  63 115 195  27 119 207  14  57  13 252
 207 228 248 195 199  50 103 206  62 105   8 241 255 132 153 247 152 210
 195  46 127 223   8 225  77 188 225  12] [14]
--- 42 packets received with 40 error(s) ---
[SYNC] New preamble detected @ 296018 (CFO -3859.59 Hz, STO 2)
[SYNC] Estimated SNR: 23.77 dB (2048 samples)
[MAC] Error in CRC, packet dropped [252 207 245 211  77 101 150 251 122 123 242 246 152 221 237 169 215 119
 181 101 106 118 157 108 231 187 223 177  57 223  83 102 232 111 206  83
 107 181 168 235 127 171 239  86 169  69 212  89 179  87  54 165  84 182
 163  92 209  75 218  81  38  95  98 190 220 217 101 188 189  27 182  58
 154  46 215 106 172 214 109 211 215  11 181  94 138 179 205  53  83 228
 186 198 139 169 179  14 169 171  78  45] [187]
--- 43 packets received with 41 error(s) ---
[SYNC] New preamble detected @ 303065 (CFO 8569.30 Hz, STO 1)
[SYNC] Estimated SNR: 23.67 dB (2048 samples)
[MAC] Error in CRC, packet dropped [  2  69   4  26 105   4 144  97   4 152  74  40  54 226   8 118 210  77
  48 130   0  96 130   8 108 196  16 117 212  58  97 132  18  65   0 152
  25  72 144 131   4  38  75  12 116 211  24  49 144   8  49 132  16  36
 131  90 109 160  16  65 196  24  65   8 128 129 102  20  98   6  52  98
  41   0 194   9  33   2 136 116 130  88  76 130  64  99 134  56  67 136
  16 193 134  36 233 142 160  83  98 184] [67]
--- 44 packets received with 42 error(s) ---
[SYNC] New preamble detected @ 310119 (CFO -557.45 Hz, STO 7)
[SYNC] Estimated SNR: 23.48 dB (2048 samples)
[MAC] Error in CRC, packet dropped [255  60  63 127 199 112 225   6  49 255 152  62 223 184 124 255 206  99
 226 121  35 194  56  61 159  48 125 255 124  67 132  28 103  63 179 249
 159 115 217  12 249 251  12  57 231 190  96 254  60  96 222 112 251 199
  28 123 199  48 231 254  49 199  95 247 209 140 120 198  72  56 231 254
  39 206 190 231 147   8 115 143 217 243  15  25 103 182  53 199  30 152
  83 140 120 243 143 224 227 143 248 221] [46]
--- 45 packets received with 43 error(s) ---
[SYNC] New preamble detected @ 317160 (CFO 7219.47 Hz, STO 0)
[SYNC] Estimated SNR: 23.57 dB (4096 samples)
[MAC] Error in CRC, packet dropped [201  30 120 129 104  33 129 105 160 211  12  40 150  12   1 134 208 193
   7  91  69 242   8  99  12  24  67 141 160 129  12  32 130 108  17 225
 109  49 138  25  44 143  16  64 164  92  73 231 217  33   6  22  65 140
  22 195  30 120  67 109 186 193  28  16 135  28  48 146  16 109 131  72
  35 130 200  33  22  50  99 134  48 219  68  56 102  72 177 195  73  37
 147  12  32 150 202  96 134  72  97 132] [58]
--- 46 packets received with 44 error(s) ---
[SYNC] New preamble detected @ 324210 (CFO 9566.14 Hz, STO 2)
[SYNC] Estimated SNR: 23.62 dB (2048 samples)
[MAC] Error in CRC, packet dropped [128 208  32   0 176 193 132  18  73  32 150  65   4  32 225   0  32 130
   9  36 210   8  36 146   8  65 130 136  97 130  16  73 148 146   9   4
  16 128  68  16 227  76  34  71  12  32 147  12  96   6  77  40   6  13
  32 166  16  65   6 144 107 132  16 219 136  24  98  45 164 208  13  36
 209   8 161 211   8  33 132  24  36 162  24  68  66  24 227 140  24  67
  10  36 225 110  36 195  12   0 150  12] [116]
--- 47 packets received with 45 error(s) ---
[SYNC] New preamble detected @ 331257 (CFO -775.80 Hz, STO 1)
[SYNC] Estimated SNR: 23.64 dB (2048 samples)
[MAC] Error in CRC, packet dropped [121 226  28  63 134   8  59 142  31 248 227 207 248 230  60  63 134  56
  35  60  51 241 207 144  73 199 156 127   4 120 118  24 115 227 143  63
 251 136  96 142 124 248 134  79  35 204  91 111 207  56 241 188  28 241
 180  16 247 223 123 254  31 120 227 152  56 227 156 225 135 254  51 231
  30 119 239  48 249  23  60 241   4 222 103 199 114  71 142 126 203  40
 177 227  12 166 215 174 115 207 190 193] [255]
--- 48 packets received with 46 error(s) ---
[SYNC] New preamble detected @ 338309 (CFO 2508.65 Hz, STO 5)
[SYNC] Estimated SNR: 22.66 dB (2048 samples)
[MAC] Error in CRC, packet dropped [199 158  57 193 248  96 129 184 225 255 134 222 127 196 227  67 241  67
 131 119 199 127  12 253   5 205 189 135 224  71 135  97 135  62  27 249
 255 216 142   8 231  79   8 230 250  62 198 251 253 243 143  79 196 207
  11 197  14 105 247 191 233 255 142 217 143 206 155 206  24 127 227  54
  49 115 127 243  15 209 179 223  17  79 243 120  39  52 248 231 228 211
 141 158  18  78 119 251 103  52 223 236] [31]
--- 49 packets received with 47 error(s) ---
[SYNC] New preamble detected @ 345356 (CFO 1773.61 Hz, STO 4)
[SYNC] Estimated SNR: 23.29 dB (2048 samples)
[MAC] Error in CRC, packet dropped [113  38  93  97 252  24  97 236  48 102   7 247 254  63 176 195 152 120
 195 184 224 140 127 183 199  63  47 199  48 241 167  56 225 140  63 199
 248 230  99  30  33 147  14  57 255 136 241 239 176 231 195  30 193 247
 126 193 199  88 239 140  97 199 166  22 225  30  62 226  14  57 143 233
 252 207 217 244 194  60  78 194  28 115  15 185 127 141  17 231 155  36
 130  94  28 242  25 121 223 137 115 207] [12]
--- 50 packets received with 48 error(s) ---
[SYNC] New preamble detected @ 352403 (CFO -2704.41 Hz, STO 3)
[SYNC] Estimated SNR: 22.83 dB (2048 samples)
[MAC] Error in CRC, packet dropped [ 31 199  12  59 207  31 248 239 207 248 238  60  63 134  56  51 190 123
 241 207 144  77 215 156 127   4 120  95  28 115 225 255  63 255 136 224
 142 124 248 134 111 167 206 107 175 223  56 245 188  92 241 188  16 247
 223 123 222  63 120 239 184 248 235 156 225 135 254  51 231  18 119 239
  49 249  31  53 209  20 255 103 135 114  79 138 127 207  56 241 163  44
 231 223 190 119 204 187 193 255 127 199] [252]
--- 51 packets received with 49 error(s) ---
[SYNC] New preamble detected @ 359454 (CFO 7144.68 Hz, STO 6)
[SYNC] Estimated SNR: 22.45 dB (4096 samples)
[MAC] Error in CRC, packet dropped [ 15 193   2  14 135   5 244  54 219 109  58  11  15 133  14  31 158  25
 238  98 244  19 103 183  27  25  30  31  12  28 210 251 237 191 194  35
  38  27  36  39  31 233 186  31 255 191 238  40 108  55  58 111  60  61
  55 246 255  61 244  51 236  45  50 223  96  65 123 223 253 196 217  46
 200  79  77 202  72  77  55 179 115 209 179 115  87 183 222 109  80 218
 105 247 127 217 246 127 224 127 146 227] [191]
--- 52 packets received with 50 error(s) ---
[SYNC] New preamble detected @ 366497 (CFO 7635.31 Hz, STO 1)
[SYNC] Estimated SNR: 22.58 dB (1024 samples)
[MAC] Error in CRC, packet dropped [253 114 255 192 243 239 160 131 208  94  24  96 138 103 174 193 167 254
 225   6  17  29 240 255 205 240 124 131 126 253 146  79 225 152 113 130
  27 150 107   4 110 123 132 227 226  96 211  66  17 252 205  12 221  28
  61 255 115 161  99 131  17 191 250  95 203 184  56 121 228  34   4  55
 179  68  55 188 134  55  60 183 120 227  21 226   7 196 243  71 152 113
 237 110 105 198   4  99 228  44 240 186] [20]
--- 53 packets received with 51 error(s) ---
[SYNC] New preamble detected @ 373551 (CFO 719.30 Hz, STO 7)
[SYNC] Estimated SNR: 22.53 dB (512 samples)
[MAC] Error in CRC, packet dropped [222 224 127 249 224 251 254  59 135   8  57 143 254 192 244 253 195 231
 254 115  15  19 201  30  17 129 236 249 131 239 251 226  28  32 227  57
 253 159 236 251  30 200  39 207 200  97 207  61 247   7 241 211   6 243
 135 222  57  99 222  57 135  31 249 138  62 255 125 140  67 196  50  65
 199  63 241  54 125 246  60 152  71 152 127  79 154 120 203  45 241 238
  56 244 194 156  83 199 156 127  71  28] [127]
--- 54 packets received with 52 error(s) ---
[SYNC] New preamble detected @ 380596 (CFO 583.31 Hz, STO 4)
[SYNC] Estimated SNR: 24.48 dB (1024 samples)
[MAC] Error in CRC, packet dropped [ 60 135 184  99 133 245 192 219  26 113 210 150 200 143 119  73  15 107
 150 165  40 102  26  40 247 158 237 129  29 109   2 238 104 199  77  83
  45 181 213 171  52  91 173  84 171 174 212  81   7  59 178 133  26 166
  42  92 209  77 218 193  46  89  38 188  80 220  81  53 141  24 166 138
 152  34  86 106 171 222 105 163  87  41 166  90 170 167  93 117  87 204
 113 213  14  41 147  14 169 168  90  45] [139]
--- 55 packets received with 53 error(s) ---
[SYNC] New preamble detected @ 387645 (CFO -5495.14 Hz, STO 5)
[SYNC] Estimated SNR: 24.21 dB (2048 samples)
[MAC] Error in CRC, packet dropped [215 249 191 219 111 187 223 109 247 237 190 234 238 217 111 251 211 111
 190 251 215 221 119 223 219 119 223 117 170 223 125 167 207 177 251 173
 187 255 190 245 127 191 255 238 190 251 239 189 114 239 191 253 213 185
 246 215 123 243 159 253 235 189 191  79 191 185 237 247 251 191 127  95
 247  93 127 239 115 123 255 125 231 239 127 247 223  61 247  93 115 214
 223 125 207  93 247 167  95 243 253 125] [123]
--- 56 packets received with 54 error(s) ---
[SYNC] New preamble detected @ 394694 (CFO 1567.08 Hz, STO 6)
[SYNC] Estimated SNR: 23.84 dB (4096 samples)
[MAC] Error in CRC, packet dropped [201  30 120 193 252  97 193 121 225 255  14  56 255  12 227 135 248 225
 135 127 199 247  24 115  15  24 115 143 248 193  14 113 195 124  57 227
 255  49 143  25 236 143  24 232 230 124 201 231 253 241  14  31 193 158
  30 195  30 120 103 111 251 227  28  49 135  28  51 158  56 255 195  76
  35 198 220 227  31  50  99 158  48 219 196 120 102  76 249 231 201  37
 147  28  32 150 202 240 206  72 241 204] [63]
--- 57 packets received with 55 error(s) ---
[SYNC] New preamble detected @ 401739 (CFO -4966.61 Hz, STO 3)
[SYNC] Estimated SNR: 23.70 dB (4096 samples)
[MAC] Error in CRC, packet dropped [ 63 123 227 253 190 227 249  47 254 255 247 191 191 253 247 187 117 199
 187 237 191 127 231 207  55 239  95 118 243 191 126 251 141 255 206 248
 247 231 222 109 159 254 101 190 155 249  46 191 247 142 246 219 126 127
 195  78 255 239 252 127 222 190 247 151  62 239 134 221 115 191 249 255
 205 245 199 175 244 207 191 252 211  29 255 255 217  55 239 121 101 134
  93 253 190  25 231 223 121 219 204 189] [215]
--- 58 packets received with 56 error(s) ---
[SYNC] New preamble detected @ 408786 (CFO 2218.78 Hz, STO 2)
[SYNC] Estimated SNR: 23.83 dB (2048 samples)
[MAC] Error in CRC, packet dropped [134  60 104 135  15 225 130  12 195   4 240 123 255 246 115  12  27 193
  14  25 142  24 252 227 252  51 231 252  55 131  28  53 132  28 195 238
 255 255 198  48 103  30  48 103  31 249 146  30 243 151 204  33 206  62
  44 207  60  41   7 208 231  12 252  99 220  58 103 220 112  65  57 253
 255 140 251 254 136 103 207 136  96 207  61 241  39 144 227  38 147 231
 158 120  65 158 121 231  47 241 230  60] [224]
--- 59 packets received with 57 error(s) ---
[SYNC] New preamble detected @ 415834 (CFO 4886.16 Hz, STO 2)
[SYNC] Estimated SNR: 23.53 dB (512 samples)
[MAC] Error in CRC, packet dropped [131  62 108 175 248  56 243 252  32 228  31 195  28  51 209 207 240 105
 223 240  65 132 103 246  39 211 166  59 224 223 191 224 195 184 103   4
 112 195 123  27 225 159  23 225 152 120 145  28 112 134  95  51 195  59
 103 207  63 104 172  28 224 132  55 243 135 115 199  14  30 121  12 225
 143 228 249 134 198  35 198 202  47 207  56 241  60 136 241  52 144 227
 158 122  95 158 121 225  24 185 225  28] [30]
--- 60 packets received with 58 error(s) ---
[SYNC] New preamble detected @ 422880 (CFO 1911.37 Hz, STO 0)
[SYNC] Estimated SNR: 22.92 dB (2048 samples)
[MAC] Error in CRC, packet dropped [ 56 126  12  16 102  28  39 161 255 223 249 152  96 222   8 112 206 112
 199 227  23  32 155  63 160 188  24 225 188 112 230  23 119 127 254  17
 131  56 241 131  56 255 205 145 247 220 183 113  26 113 241 242 121 225
 204  63 135 184 103 225  30 225 209  62 243 130   9 222 255 236  38 221
 252  67  58 124  67   6 121 239 137  28 135 153  28 159 190 243 226  12
 243 207  57 254 207  17 119   2 253 207] [31]
--- 61 packets received with 59 error(s) ---
[SYNC] New preamble detected @ 429933 (CFO 4551.73 Hz, STO 5)
[SYNC] Estimated SNR: 23.02 dB (4096 samples)
[MAC] Error in CRC, packet dropped [ 40 126   8  16 110  56  39 131 223 255 115 144  80 220  40  80 140 112
 199 119  31 225 159  63 225 184  24 225  56  96 142  63 118 124 254  49
   3  48 209   3  56 255 140 209 231 156 191  97  30  97 249 102 105 193
  72  63 143  56 103 227  30 225 219  63 243   2   9 204 253 204 103 221
 252  66  62 124  66   6 121 239 171  30 143  25  54 159  60 243 194  12
 243 205  57 254 143 113 199   6 237 143] [29]
--- 62 packets received with 60 error(s) ---
[SYNC] New preamble detected @ 436979 (CFO 8091.61 Hz, STO 3)
[SYNC] Estimated SNR: 23.29 dB (2048 samples)
[MAC] Error in CRC, packet dropped [ 36 146  76 105  50  93 109   2 155 125   4  22  97 168  32 129   8 150
  91 132  52 219 136  36 162  57  33 182  17  65 215   8 109  39   0  77
 130  48 226   4  34 217  13  16 153 173 113 135  68 129 199 140  32 243
  16  41  18  16 105 182  69  65 135  16  97  46 160 219 142  32 208 109
 184  66   8 102 196   8  36 179  26  68 211  90  97 204   8 197  15 152
 225 137  36 210   6 165 147   8 112 131] [72]
--- 63 packets received with 61 error(s) ---
[SYNC] New preamble detected @ 444027 (CFO 7759.62 Hz, STO 3)
[SYNC] Estimated SNR: 23.79 dB (512 samples)
[MAC] Error in CRC, packet dropped [132 144  97   4 176 193 132  18  89  40 180  65   8  32 195   8  32 130
   9  44 210   8  96 166   0  67   6 144  99 134  48 201   4 162   1   4
  48 130  68  32 199  76  32 199  28   0 151  12 105   6 213  73   6  16
  97 166  48  65   6 144  83 140  48 211   8  32 130   9  36 146   9  68
 209   8  97  32  24  65 140  26 225  38  40  67  30  36 146   9  56 147
  72 101 195  72  37 199  12  33   4  28] [113]
--- 64 packets received with 62 error(s) ---
[SYNC] New preamble detected @ 451079 (CFO 6527.18 Hz, STO 7)
[SYNC] Estimated SNR: 23.68 dB (2048 samples)
[MAC] Error in CRC, packet dropped [ 32 228  24  97 172  48 102   5 246 218  45 144  65  24 120  67   8  32
 134  91  53 130  63  45 194  16 224 161  56 225 140  62  71 104 166  65
  30  33 145   4  49 250 136 241 160 144 229 195  30 193 243  90 193 198
  88 235 140  32 199 164  22 225  12  62 226  12  48 139 233  60 199 209
 116 194  28  76 130  28 115  15 185 219 137  17 199 153  36 130  94  20
 242  25 113 211   9 113 199   8 197  15] [29]
--- 65 packets received with 63 error(s) ---
[SYNC] New preamble detected @ 458125 (CFO -4742.82 Hz, STO 5)
[SYNC] Estimated SNR: 23.17 dB (1024 samples)
[MAC] Error in CRC, packet dropped [237 254 253 239 255 250 123  55 250 243 125 245 211 252 241 219 255 255
 239 252  51 239 127 249 163 250 231 182 251 231 238 220 109 207 181 223
  95 251 219  94 254 255 205 255 255 202  99 215 127 253 134 252 247 134
 217 107 223 254  99 141 251 209  78 185 255  60 252 219 173 227 223 188
 119 179  61 101 182 190 241 254 158 111 255 144  73 255 249 239  45 251
 231 190 242 199 157 243 222  14 125 223] [28]
--- 66 packets received with 64 error(s) ---
[SYNC] New preamble detected @ 465174 (CFO 6715.44 Hz, STO 6)
[SYNC] Estimated SNR: 23.70 dB (1024 samples)
[MAC] Error in CRC, packet dropped [ 32 188  24  65  44  48 103   5 182 218  44 144  65 136 112  67  24  32
 134 121  53 194  61  45 194  16 224 162  56 225 140  55 193 236 166  65
  28  33 145   6  33 186   8 241 166 152 101 195  26 193 242  90 193 198
 120 237 140 112 199 164  22 193  12  60 194  12  32 142  89  60 142 209
 116 130  24  76 130  16  83   4 184 203 141  17 195 137  36 130  92  20
 178  25  97 215   9 115 207   8  69  15] [25]
--- 67 packets received with 65 error(s) ---
[SYNC] New preamble detected @ 472218 (CFO 608.82 Hz, STO 2)
[SYNC] Estimated SNR: 23.74 dB (512 samples)
[MAC] Error in CRC, packet dropped [ 94 224 255 249 224 255 254  57 135   8  49 143 252 192 244 253 195 231
 254  99  31  19 201  30  17 195 232 249 131 255 251 238  28  32 195  57
 253 159 204 251  30 248 103 207 248  97 206  49 215   7 241 130  14 243
 135 220  59 195 222  35  15  59 241  14  56 255  60 156  67 132 114  71
 132 103 243  62 101 246  60 240 207 152 111 207 152  73 207  61 243  44
  56 231 158 152  71 157 176 222  14 124] [223]
--- 68 packets received with 66 error(s) ---
[SYNC] New preamble detected @ 479266 (CFO -671.91 Hz, STO 2)
[SYNC] Estimated SNR: 23.61 dB (2048 samples)
[MAC] Error in CRC, packet dropped [254  24  32 206  56 111 131 191 255 231  48 241 188  16 225 156 241 207
 198  62  67  54 127 195 120  49 195  88  97 206  14 236 255 252  99   6
 113 227   6 113 255 157  49 239 185 124 226  62 227 227 204 243 194 152
 127 143 112 207 198  61 195 166 125 199   4  19 217 223 152  79 191 248
 134 124 248 134  12 243 223  26 121  15  50 105  62 121 231 132  25 231
 158 114 251  30 227 238  13 251 158  59] [243]
--- 69 packets received with 67 error(s) ---
[SYNC] New preamble detected @ 486319 (CFO 1508.62 Hz, STO 7)
[SYNC] Estimated SNR: 23.10 dB (2048 samples)
[MAC] Error in CRC, packet dropped [240  63 255 240 121 254  25 199  12  25 135 254 224 119 253 227  99 254
  51 143  27 233 142  16 192 236 249 195 239 250  99  28  48  97  25 253
 153 196 249 159 200  39 207 200  32 207  61 241 131 208 243   2 243 247
 222  56  97 222  57 135  15 249 162  14 255 255 140  99 198  58  96 199
  63 241  50  60 243  60 152  67 156 127  79 152 120  73  37 145 238  56
 212 194 156  99 199 156 127   3  12 127] [194]
--- 70 packets received with 68 error(s) ---
[SYNC] New preamble detected @ 493366 (CFO -7188.40 Hz, STO 6)
[SYNC] Estimated SNR: 23.42 dB (4096 samples)
[MAC] Error in CRC, packet dropped [255 255 253 255 255 254 251 255 255 255 255 252 243 246 253 243 239 254
 255 253 251 235 255 249 231 238 255 231 255 251 239 252 255 255 253 253
 223 223 251 222 223 247 223 252 243 223 245 215 207 255 207 238 251 207
 219 235 231 222 239 207 251 243 207 249 255 190 189 255 255 250 255 188
 247 247 191 245 247 190 185 255 191 255 239 188 235 255 253 255 175 255
 247 254 183 231 253 176 223 158 253 223] [62]
--- 71 packets received with 69 error(s) ---
[SYNC] New preamble detected @ 500408 (CFO 662.34 Hz, STO 0)
[SYNC] Estimated SNR: 23.47 dB (4096 samples)
[MAC] Error in CRC, packet dropped [240 113 231 248  97 204  63 199  60 119 225 159 160 211 143 248 131   8
 239 238  79  39 204  95  65 183  63 193 135 120 239 140 241 199 230  22
  99  30  63 227  56 249 163  56 225 140 190 119 135 126 207 142  94 209
  92  57 193  12 126 231 142  38 239 158  60 242  25 227 159 201 243  15
 140  69 207 156 127 222 113 227 253  25 227 105  33 231 142 116 255 188
 243 194  49 115 194  56 125  15  16 115] [31]
--- 72 packets received with 70 error(s) ---
[SYNC] New preamble detected @ 507459 (CFO 6171.07 Hz, STO 3)
[SYNC] Estimated SNR: 23.75 dB (4096 samples)
[MAC] Error in CRC, packet dropped [ 97  36  88  98   7 161 130   7 238 131 204  40 194 202  51   2  31 209
   4  29 125   7 156  97 140  56  97 142  62 162   4  48 130  11  48 162
  15  52 198  54  69 114  60  65 102 145 113  39 158  85  68  56 122   6
  16 114   8  56 226  13  62 239  12 112 196  28 112 198 112  65 247  20
  97 142  26 113 136 124 137 142 120 130 111  49 226 145  34 166  26  36
 148  72 113 134  83 107 197  57  98 199] [32]
--- 73 packets received with 71 error(s) ---
[SYNC] New preamble detected @ 514510 (CFO -2085.35 Hz, STO 6)
[SYNC] Estimated SNR: 23.87 dB (1024 samples)
[MAC] Error in CRC, packet dropped [209  23   7 231 223  55 223 171 172  72 195  88 143  22 239 239  46 230
 190 118 169  73 156  89  17 181 223 214 109 231 158  86 241  59  13  42
 140 250 222 180 170 142 199 165 158 117 221 139  45  75 124 149 179  84
 221 207  18 181 191  42 105 138  60 251 146  49 251 239 214  34 101  22
  74  77 121  93 149  81  85  53 106 195   6 243  75 158 171  76  40 250
 164  80 171 157  38 195  29  53 247 108] [213]
--- 74 packets received with 72 error(s) ---
[SYNC] New preamble detected @ 521554 (CFO 702.25 Hz, STO 2)
[SYNC] Estimated SNR: 23.98 dB (1024 samples)
[MAC] Error in CRC, packet dropped [131 239 255   7 159 241 220  16 193 140  93 127 199  63 127 207  62 243
  24 240 239 152 161 239 142 126 159 142 127 231  16 113   6  17 245 207
  28  77 223 188 195 238 124 162 142  49 239 152  57 143  24  61 223  62
 225 199 156 113 159  80 245 207  48 235 255 252 226  12  35 226  12 115
 235 158  35 235 191  81 228  28 195 229 220 243 196  16 113  15  98 139
 140  56 195 172  57 231 190  48 231 220] [119]
--- 75 packets received with 73 error(s) ---
[SYNC] New preamble detected @ 528606 (CFO 5499.66 Hz, STO 6)
[SYNC] Estimated SNR: 23.50 dB (512 samples)
[MAC] Error in CRC, packet dropped [225 130   6 227 135 248  56 243 254  49   7  11  65  14   8 207  12 252
  35 228  18  99 228  23 129  30  21 134  28 184 227 207 255 194  48  35
  31  48  33  19 200 243  22 219 211 206  32 110   6  60 111   4  57 135
 216 247 134 220  35 132  58  32 199  48  65  61 156 249 132 153 251 136
 102  71 136  96  65  61 177 227 152 243  34 147 243 206  60  64 194  57
 229  47 144 227  46 160  95 153 160 255] [2]
--- 76 packets received with 74 error(s) ---
[SYNC] New preamble detected @ 535651 (CFO 8104.41 Hz, STO 3)
[SYNC] Estimated SNR: 22.91 dB (2048 samples)
[MAC] Error in CRC, packet dropped [ 56 122   8  16  38  16  39  33 255  61  50 144  80 212   8  80 220  64
 134 241  23  97 149  54 225 168  88 161 168  32 196 167 252 245 254  49
  11  48 241   3  40 239 137 209 246 153 175  97  20  97 241 230 105 225
 200 191 173  48 206 227  31 161 219  63 243   2   9 136 251 212  99 219
 222  66  46 118  74  36 113  13 171 174 143  17 182 157  52 243  74  76
 242  75  57 251 201 241 229   6 175 143] [23]
--- 77 packets received with 75 error(s) ---
[SYNC] New preamble detected @ 542698 (CFO -2739.17 Hz, STO 2)
[SYNC] Estimated SNR: 23.55 dB (1024 samples)
[MAC] Error in CRC, packet dropped [ 56 127  14  60 255  12  57 135 254 231 142 252  51 246  10 113 255  16
 113 159 253 201 228 249 203 236  22 103 236  48 239  29 233 158  56 252
 194 204  35 199 252 103  31  52 103  28  49 215 206 240 111 221 243 239
 218  59 135 121  45 143 254 240 206 245 211 231 223  75  61 243 253  62
 241 177 172 253 178 139 251 222  60 111 163  63 111 166  61 255 222 151
 247 254 249  71  63 248  71   7 247 243] [14]
--- 78 packets received with 76 error(s) ---
[SYNC] New preamble detected @ 549746 (CFO 2260.87 Hz, STO 2)
[SYNC] Estimated SNR: 23.76 dB (512 samples)
[MAC] Error in CRC, packet dropped [226 193 253 241 196 243 244 117   9   8 107  19 234 155 244 229 156 239
 206 214  43  59 169  34  94  55 234 205  53 199 216 210  38  97 165  69
 189  83 150 190  82 136 180 155 140 179 213 109  57  79 146  54  74 155
 125 214  20 167 198  60 113  75 155 114  78  62 186 184  69  68 138  73
  87 135 117 162 213 116 166  41  83 176 220 107 182 203  97 133  25 168
 138  17  98 156 121 101 156  92 221 157] [89]
--- 79 packets received with 77 error(s) ---
[SYNC] New preamble detected @ 556793 (CFO 495.02 Hz, STO 1)
[SYNC] Estimated SNR: 24.19 dB (1024 samples)
[MAC] Error in CRC, packet dropped [  7 103 223  54 219 171 168  72 195  88 139  22 206 239  46 231 118  86
 177  73 156  89  17 181 221 214 109 175  14  86 209  59  13  42 140 248
 218 181 234 142  69 165 158 117 221 139  45  75 126 149 179  84 217 203
  18 165 187  42 105 138  44 219 146  49 115 197 214  34 101  22  74  77
 121 173  20 112 197  53 106 203 134 243  75 190 251  12  40 235 132  80
 171 149  38 195  29 113 246 236 169 198] [214]
--- 80 packets received with 78 error(s) ---
[SYNC] New preamble detected @ 563841 (CFO 9252.87 Hz, STO 1)
[SYNC] Estimated SNR: 23.09 dB (2048 samples)
[MAC] Error in CRC, packet dropped [113 162 100  32 180   8  32 172  48  37  18 147 109  43 144  65 136 120
  65   8  32 130 101  30 192  45  45 130  16 224 162  24 224 204  59 197
 240 135   1  28  33 153   4  33 155   8 145 138 160  37  64  30 193 178
  91 193   2  72  47 157  97  67 164  30 161 140 118 130   4   2 139 105
  46 142 241  84 130  20  92 138  72  67   1 185 153 137  16 199  25 166
 130  92 148 186  17  67  86   9 243  77] [8]
--- 81 packets received with 79 error(s) ---
[SYNC] New preamble detected @ 570889 (CFO 9036.79 Hz, STO 1)
[SYNC] Estimated SNR: 21.72 dB (2048 samples)
[MAC] Error in CRC, packet dropped [208   1  54 139   4   5   6  71   8   9  74  43 140  31  47  47  16  17
  18 147  29  53 150  31  56  31 218  91  28 157  31  31  48  33  39 163
 172 101 166 167  40  41  42 107  44  45  46  47 176 113  51 179  54 117
  54  55  56  57  58  59  61  61 191  63  68 211  66  99  70  77  70  71
  75  73 106  91  77  77  78  79  84  81  90  87  84  93 119  87  90  89
  94  91  92 125  94  95  97  97  98  99] [195]
--- 82 packets received with 80 error(s) ---
[SYNC] New preamble detected @ 577943 (CFO 8481.16 Hz, STO 7)
[SYNC] Estimated SNR: 21.86 dB (512 samples)
[MAC] Error in CRC, packet dropped [128 217  99 131 222 101  38   7   8 105  10 194  13 173 205  14 148 137
  82  18  22  21  22  23  27  88 154  27  93 153 142  30  33 165  35  39
  16 189  38  23 168  36 139 171 239 169  44  47  61 177  34  62 178  53
 182  51 238 241  50  59  63  61  62  63  40 113  80  66   4  71  71   6
  74  73  38  75  76   4 111  79  80  93 194  83  85 211  69  51  88  73
  19  95 220  92  31  95 120 104  82 115] [138]
--- 83 packets received with 81 error(s) ---
[SYNC] New preamble detected @ 584984 (CFO 8450.92 Hz, STO 0)
[SYNC] Estimated SNR: 21.87 dB (4096 samples)
[MAC] Error in CRC, packet dropped [ 54   3  14  39   4  13   6 183 203  13 190  26 108  13  30 111  16  17
  27  55 148  85 123 151 216  29  46 155  28  61  30 223  44  49 250  99
 164  39 103  47  42  25  46  47  60  41 190 175 112 127 179 115  53 183
  63  55  56  57  63 191 252 125  62 191  67  77  66  91 101 245  94 103
 248 201  75 107 206 203  78 127  90 113 118  83 116 117 214  95  93 223
 218 123  94  95 126  95 102 225  98 103] [195]
--- 84 packets received with 82 error(s) ---
[SYNC] New preamble detected @ 592035 (CFO 9001.48 Hz, STO 3)
[SYNC] Estimated SNR: 21.92 dB (2048 samples)
[MAC] Error in CRC, packet dropped [128 217  99 131 215 101  54   7   8 105   8 195  13 173 205  14  16 193
  82  19  22  21  22  23  27  88 152  27 125  27 158  31  32 129  35  47
  22 189  38  23 168  32  42 171  45  41  46  47  61 177  34  58 176  37
  54  55 190 241  58  59  63  61  62  63   8  97  82  67  68  71  71  70
  78  73 102  75  76  44 110  79  80  93 194  83  85 209  70  55  88  89
  19  91  92  93  31 223 120 108  82 123] [138]
--- 85 packets received with 83 error(s) ---
[SYNC] New preamble detected @ 599084 (CFO 8425.61 Hz, STO 4)
[SYNC] Estimated SNR: 21.80 dB (2048 samples)
[MAC] Error in CRC, packet dropped [ 79  96   0  90 100  16 132   9 156  32  39   0 140 112  61  28 252   0
  64  78   4  92 228   8  92  96 254  33 236 115  52 120 124 128 132  60
   6 209 144  11 253 160 140 179 164 144  52 216  28  65 193 204  79  65
 216 104 220 224  96 226 228 118 119 248 252  19 206   9  13  16  57   9
  29 108   5 233 102  28  17  41  28 113 157   0 125 193  20  88  77  56
  32 105  46  97 113  27 125 246 133 129] [167]
--- 86 packets received with 84 error(s) ---
[SYNC] New preamble detected @ 606132 (CFO 7940.95 Hz, STO 4)
[SYNC] Estimated SNR: 21.99 dB (2048 samples)
[MAC] Error in CRC, packet dropped [  4   1   2   3 134   5  70   7 138  73  42  11  13  13  14  15  28  17
 218  83  20  21  86 183  26  27  26  31  28  29 158 159 105 165 162  35
  36  53  38 103  44 185  42  63 191  45  46  47 112  61  54 179  60  53
  55  55 190  57 122  59  60  63 127  63  64  65 114 219 108  69 198  79
  72  79  74  75  76 207 111  79  80  81 114 115 213 117 214  95  89  93
  90  91 125 221  94 127 224 241  99 227] [219]
--- 87 packets received with 85 error(s) ---
[SYNC] New preamble detected @ 613180 (CFO 2085.54 Hz, STO 4)
[SYNC] Estimated SNR: 22.14 dB (2048 samples)
[MAC] Error in CRC, packet dropped [ 15 193   2  15 195   4 246  63 219 228  42  11  15 141  14  15 158   9
 206 114 212  23 119 247  31  25  30  27  28  29 158 223 109 159 226  35
  34  63  38 103  62 233 186  27 239  52 142  47 252  31  46 255  60  53
  53 246 190  41 182  59 252  61 127 239  96  65 115 219  63 197 253  62
 200  79 197 139  76 207  63 127  87  16 242  87 215 246 214  79  89 223
  89  55 123 221  62 123 224 249 227 227] [251]
--- 88 packets received with 86 error(s) ---
[SYNC] New preamble detected @ 620224 (CFO 7652.53 Hz, STO 0)
[SYNC] Estimated SNR: 21.89 dB (1024 samples)
[MAC] Error in CRC, packet dropped [  1 145 195   3  22   4 102   7   8  97   8 195  12  61 140  14 121 131
 194  18  18  13  22  23  26 216  26  27 157  24 158  30  35   7  32  51
   1 165  46   7 184  96  11  27 238   8  46  63  57  49  34  50  48  37
 244  54  61 253  50  59  62  61  62  63  16  32 232  66   4  65 196  14
  76 127   0  71 108  77  15 207  80  88  83 211  94  17  70   7  56  89
  88  22  88  93  31 126 240 120  79 195] [211]
--- 89 packets received with 87 error(s) ---
[SYNC] New preamble detected @ 627275 (CFO 8152.51 Hz, STO 3)
[SYNC] Estimated SNR: 22.54 dB (2048 samples)
[MAC] Error in CRC, packet dropped [208 193 127 243 189   3  12  60 133 231 134 254  97 133 247 175 249   8
 153   5 138  27 140 244 201  15 127  79 223  12 176 243  17 158 155 252
 157  26 104 102 245 249 101 183 147  15  31 208 139  31 211  10 106  55
  95 127 253  29  25 159 158  29 188  16 127  97 230  35 227 233 163  55
  54  35 190  36 190 231 120  38 233 217 229 235 175 187 156  40 189 234
 254 238 236 219  76  63 190 201 109 156] [248]
--- 90 packets received with 88 error(s) ---
[SYNC] New preamble detected @ 634320 (CFO 6376.99 Hz, STO 0)
[SYNC] Estimated SNR: 22.12 dB (2048 samples)
[MAC] Error in CRC, packet dropped [  9 129   2  14 130   5 102  39 190 193  42  11  13  13  14  15  24  17
 194  83  52  23  87  87  30  27  22  63  28  28  30 159 233 164 162  35
  36  21  38  39  46 169  42  43 190  45  46  47 248  61  50 187  52  53
  54 247  60  57 250  58 188  63  63 191  64  65  99 211  79  69 246  95
  72  79  75  75  76  79  79 111  86  81  82  83  86  21  86  71  88  93
  88  91  92  93  94  31  96 241  99  99] [243]
--- 91 packets received with 89 error(s) ---
[SYNC] New preamble detected @ 641375 (CFO 3765.06 Hz, STO 7)
[SYNC] Estimated SNR: 22.08 dB (2048 samples)
[MAC] Error in CRC, packet dropped [  7  31 127 134  30 131 250 195 134 247  57 254  15 159 255 136  48 141
 255 206 250 239 143 252  27 255 245 154 127 142 235 156  16 223 115 118
  51 243 237 183  31  23  54 158  20 223 247 104 118 248 249 255 251 159
  11 156  60 141 255 210 250 125 215 195 239 161  25 177 190 154  33 189
 228 253 189 230 255 229  54 167  59  63  47 186  62 243 207 111 246 234
  41 238  55 171 111 183 240 161  55 225] [31]
--- 92 packets received with 90 error(s) ---
[SYNC] New preamble detected @ 648417 (CFO 8293.26 Hz, STO 1)
[SYNC] Estimated SNR: 23.07 dB (512 samples)
[MAC] Error in CRC, packet dropped 