---------------------------------------------------------------
LimeSuite Source (RX) info

##################
Connecting to device
##################
LimeSuite version: 22.09.1-myriadrf1~ubuntu20.04
gr-limesdr version: v1.0-compat-xxx-xunknown
##################
Device list:
Nr.:0 device:LimeSDR Mini, media=USB 3.0, module=FT601, addr=24607:1027, serial=1D7505D2B85BDA
##################
INFO: device_handler::open_device(): no serial number. Using first device in the list.
Use "LimeUtil --find" in terminal to find prefered device serial.
Using device: LimeSDR-Mini(1D7505D2B85BDA) GW: 1.29 FW: 6
##################

INFO: device_handler::enable_channels(): SISO CH0 set for device number 0.
INFO: device_handler::set_samp_rate(): set sampling rate: 0.4 MS/s.
INFO: device_handler::set_rf_freq(): RF frequency set [RX]: 876 MHz.
INFO: device_handler::set_analog_filter(): INFO: device_handler::set_digital_filter(): digital filter CH0 [RX]: 0.4 MHz.
INFO: device_handler::set_gain(): 
Clearing running sum before changing gain 
Actual : Short = 0 /  Long = 0
Clear : Short = 0 /  Long = 0
Set gain [RX] CH0: 60 dB.
Running : Short = 0 /  Long = 0
INFO: device_handler::set_antenna(): CH0 antenna set [RX]: LNAW.
INFO: device_handler::calibrate(): INFO: device_handler::set_dspcfg_preamble(): INFO: source_impl::init_stream(): source channel 0 (device nr. 0) stream setup done.
Press Enter to quit: [SYNC] New preamble detected @ 5 (CFO 8125.52 Hz, STO 5)
[SYNC] Estimated SNR: 20.07 dB (1024 samples)
[MAC] Packet demodulated:  [ 0  1  2  3  4  5  6  7  8  9 10 11 12 13 14 15 16 17 18 19 20 21 22 23
 24 25 26 27 28 29 30 31 32 33 34 35 36 37 38 39 40 41 42 43 44 45 46 47
 48 49 50 51 52 53 54 55 56 57 58 59 60 61 62 63 64 65 66 67 68 69 70 71
 72 73 74 75 76 77 78 79 80 81 82 83 84 85 86 87 88 89 90 91 92 93 94 95
 96 97 98 99] [195]
--- 1 packets received with 0 error(s) ---
[SYNC] New preamble detected @ 7049 (CFO 9188.71 Hz, STO 1)
[SYNC] Estimated SNR: 22.49 dB (1024 samples)
[MAC] Error in CRC, packet dropped [ 13 128   0  13   0   0 226  35  30 194  32   1  23   4   6  31   4   0
  68  97 120  32 194 106  46  11   8  59  12  12  15 171 251  12   4   1
  96   0   2 119   0 200   0   3  12  12 102   6  80   6  86 209   4  80
  18 243  24  16  88 121   4  29 152  71  96 130   2 180  27  72  24  27
 144   2   0 145   5 129  66   5  23 161   0   5   0   0   2   6  11 128
  10  16  12 140  66  15  33  33   0  32] [209]
--- 2 packets received with 1 error(s) ---
[SYNC] New preamble detected @ 14098 (CFO -3443.97 Hz, STO 2)
[SYNC] Estimated SNR: 24.92 dB (1024 samples)
[MAC] Error in CRC, packet dropped [126 243  78 229 158  94 235 183  63 121 199  62 123 174 189 223  36 189
 231  94 124 251 221 125 243 223 115 182 207 117 246 205 249 231 189 245
 236 190 215 215 188 211 174 181 250 174 187 247 239 249 238 158 241 218
 154 253 118  61 247 238  60 249 205 156 243 207 101 150 188 117 215 159
 123 215 179  85 175 183 251 231 125 115 142 117 250 223 107 247 223 121
 231 207 123 235  93 125 229  93  91 222] [189]
--- 3 packets received with 2 error(s) ---
[SYNC] New preamble detected @ 21147 (CFO 184.66 Hz, STO 3)
[SYNC] Estimated SNR: 24.66 dB (2048 samples)
[MAC] Error in CRC, packet dropped [ 14 219 174  78 187  87  88 145 134 169  54 173 157  86 221 142 228 173
  82 179 219 178  35 235  58 173 219  82 205 173  34 102  26  85  91  85
  53 106 149  52 139  89 168 203  57  86 219  20 201  43 100 169 182 213
  99  74 116 171 214  52 219  52  36 230 235 171 132  85  74 164 149 122
 181  90 173  85  74 226 149  59  13  86 171  78 182  89  85 154 137 165
  22  41 214  18  81 197 201 234  85 187] [172]
--- 4 packets received with 3 error(s) ---
[SYNC] New preamble detected @ 28197 (CFO 3538.25 Hz, STO 5)
[SYNC] Estimated SNR: 24.79 dB (1024 samples)
[MAC] Error in CRC, packet dropped [156 161  37  20  33 134 144  54 221 112 165  73   8  67 141  58  96  10
  33  73  90  80 170 170  48 135  90  53  99 154  32 219  21  65  22  52
 234 132  20 106 132 226  33  20  32 129 148  48 210  21 161  82   4  32
 142  20  97   7  36  73  86 116 163 182  41 215  88   7 100 109  38 196
   8 161   1   8 227 133   8  69 202 237 161  26  41 130 138  40 211 106
 168  67   8  64 131  40  99 132  12  67] [72]
--- 5 packets received with 4 error(s) ---
[SYNC] New preamble detected @ 35246 (CFO -341.74 Hz, STO 6)
[SYNC] Estimated SNR: 24.54 dB (2048 samples)
[MAC] Error in CRC, packet dropped [159 123 131 190 251 135  28 249 238   8  65 196  61 247  71  57 247  70
  59 227 136 120 174 136 112 166 156  99 206  29 119 215 144 113   7  24
 215 140  88 231 140 218 195  62  58 195  30 121 239   8 118 133 144 119
 157  28 113 199  56 227 204  56 111 136  48 231 186 233 230  30  97 134
  30 121  95  25 241  79  49 229 206  24 130 190 120 130 142 121 239 136
  97 199 190 117 230  28 117 199 112 227] [174]
--- 6 packets received with 5 error(s) ---
[SYNC] New preamble detected @ 42289 (CFO 8541.87 Hz, STO 1)
[SYNC] Estimated SNR: 24.55 dB (2048 samples)
[MAC] Error in CRC, packet dropped [  4  65   5  16  65   4   4  64   2   8   1   2  40 130   4  40 129   8
  16 130   2  17   1   4  80   4   8  16   3  28 145   6   8 160   8   0
  33   4  32  34  20  32   5   8  33   4  12  32   2  16 161   2  16 162
   4  16 161   8  24 162  10  49  33  12  48  64   0  65  67  16  65   6
   0  66   8  40  65   4   8  66   6  16  69   0  81  68   4  16  66   8
  81   2   8  66   4  24  65   4  32 226] [2]
--- 7 packets received with 6 error(s) ---
[SYNC] New preamble detected @ 49339 (CFO -3284.76 Hz, STO 3)
[SYNC] Estimated SNR: 24.44 dB (512 samples)
[MAC] Error in CRC, packet dropped [ 95 230 247 109  44 235 109  55 155 178 219 171 249 109 174 230  73 186
 178 203  87 117 155 107 235 155  93 244 171  85 212 154 102 203 110 245
 105 186 187  85 182 167  54  45  91  42 173 119  58 242 165 106 254 165
  86 167 143 122 219 234 118 213 155  42 237 159  77  54 212 189 202 216
 184 202 183  85 107 185 253  86  53 102 247 109 122 170 109 247 219 113
 250 171 121 230  45 110 206  56 157 107] [180]
--- 8 packets received with 7 error(s) ---
[SYNC] New preamble detected @ 56391 (CFO -1855.34 Hz, STO 7)
[SYNC] Estimated SNR: 24.66 dB (1024 samples)
[MAC] Error in CRC, packet dropped [173 220  58 235 146  40 237  18 237 174 106 212 217 168  93 211  38  97
 166 213 181  87  77 171  82  80 181 162 214 187 163  75 178 184 165  75
  86 169  83  85 173 108 138 219  98 136 221 114 173  51  90 171  57  70
 173 122 214 145 118 213 181 119 205  59  98 185 108 141 119 214 179 109
 154 175  84  90 167  94  82 167  93 221  91  58 211  73  44 178 205  62
 170 213 184 201  29 178 199  54 102 215] [52]
--- 9 packets received with 8 error(s) ---
[SYNC] New preamble detected @ 63436 (CFO 11704.48 Hz, STO 4)
[SYNC] Estimated SNR: 25.12 dB (2048 samples)
[MAC] Error in CRC, packet dropped [ 32 130   8  32   1  12  96   0   0   0   4   0   1   4  16  65   0  16
   2   0   0   0   8  32   0   8  48   1   0  32   0  16   0   4   0   0
 128  48   0   0   0   0   0   0   3   0  16   0   0  64   4  16   0   4
   0  64 132   0  66   8  32   0   0  32   2   8   0   0  16  64   2   0
   0   0  16  65   0   0   0   0   0 128   0   0 195   8  32   0   0  32
   4   0  64   6  16   1   4  16 130   0] [32]
--- 10 packets received with 9 error(s) ---
[SYNC] New preamble detected @ 70484 (CFO 315.98 Hz, STO 4)
[SYNC] Estimated SNR: 25.28 dB (512 samples)
[MAC] Error in CRC, packet dropped [195  36 249 199  56 114 203  56 113 159 168 193 140  60  67 151 116 227
 150  96 215  60  88 135 152 225 131  24  33 196 108 195 150 125  97   7
  48 243 140  90 207  38 112 143 164  82 195  44 113 199 158 217 134 120
  83   7  89 211 143  24 243  45  88 131 142 249 131  14  51 138  92 163
 138  17  33 139  17 227 151  48 227  22 112 227 152  99 231  24  97 227
 142 184 148  28  99 135  76 227 142  88] [238]
--- 11 packets received with 10 error(s) ---
[SYNC] New preamble detected @ 77534 (CFO 7866.73 Hz, STO 6)
[SYNC] Estimated SNR: 24.50 dB (2048 samples)
[MAC] Error in CRC, packet dropped [ 21 177   0  32   6  18   9   9  22  68  16   8  73   0   4  27  16  46
 130   8   0 149  36  18  16  34  88  52  34  84  32  32  88  33  64  32
  40  70 130  65  68 129  64   0 182   2   9  49  82 108  36   0  21  32
   0  27  42  22  18  96   8 180  36  74  48  67   1   4 128   4  64  18
   5  65 136 192   2 166 218  81  36   9  40 144  86  34 136  65  66 148
  52  32 153  80 132  27  96  14   2  72] [132]
--- 12 packets received with 11 error(s) ---
[SYNC] New preamble detected @ 84583 (CFO 1453.14 Hz, STO 7)
[SYNC] Estimated SNR: 24.54 dB (512 samples)
[MAC] Error in CRC, packet dropped [179  68  72  97  14 113 130  14 235 135 164  41 199  42  83 130  13 217
   4  29 247  30  84 161 132  24 163 134  59 178  12  53 166  10 185 227
  28  53  68  54  71  82  60  65  78  49  83  46  59  81  68  56 110  26
  49  74  24  41  99  13  55 110  20 113  68  24 243  70  96 130 190  52
 198 154 106 194 152  81 130 150  88 134  77  81 142  17  35 142  42  32
 132   8 178 138  50 162  12 120 164  77] [65]
--- 13 packets received with 12 error(s) ---
[SYNC] New preamble detected @ 91627 (CFO 10478.69 Hz, STO 3)
[SYNC] Estimated SNR: 23.82 dB (2048 samples)
[MAC] Error in CRC, packet dropped [  4  18   1   4  17   4   4   0  22  73  37  18   8  32  14   8  35   4
  17  74  32 144  69  52 128  64  24  16  74  24   1   6  88   4  16 104
  35   4  35   2   4  34  65  12  33   4  12  32  70  80  37   2  80  32
 132  49   1   8  56   2  26 240   5  28 176  65   4  64  27   9 193 150
   8  64  10   9  67  14   9  66  60  82  65  32  81  69  52 208  78  25
  85  66  24  64 140  24  65   2  32  98] [2]
--- 14 packets received with 13 error(s) ---
[SYNC] New preamble detected @ 98673 (CFO -177.11 Hz, STO 1)
[SYNC] Estimated SNR: 24.98 dB (2048 samples)
[MAC] Error in CRC, packet dropped [113 195 156 113 199 158 112 230   8 113 198  24 227 143  56 231 157 125
 215 204  48 199  28  48 199  30 115 199  60 243 143  60  99 135  28  99
 142 124 243  28 113 227 156 113 231 158 112 199  24 123 130  28 115 142
  56 225 143  60 231 132 112 199  28 112 199  28 113 231  12  48 143   8
 243 142  60 225 142  56 227 207  17 225 156  49 199  30  48 199  12 240
 130  26 227 207  56 227 207  56 243 159] [113]
--- 15 packets received with 14 error(s) ---
[SYNC] New preamble detected @ 105721 (CFO 3326.71 Hz, STO 1)
[SYNC] Estimated SNR: 25.25 dB (1024 samples)
[MAC] Error in CRC, packet dropped [152 133  40  34 133  32 128 153  42  42 146  36  64 138  85  65   3  75
 150 165  72  86  27  72  81 132 136 129  14  89   3  78 168 170  72  81
   5  21   8 139  80 169  36  18 169 166 144 233  38  23  34  42 148 130
  41  84 163  73  16 165  92  82   7  92  81 136  32 137  74  36 171  74
 164 140  85  32 133  84 160 210 148 181  88  10 181 218 168 161  10  58
 162 140  40 210  77  41  67  16 166 202] [144]
--- 16 packets received with 15 error(s) ---
[SYNC] New preamble detected @ 112768 (CFO 9988.86 Hz, STO 0)
[SYNC] Estimated SNR: 24.79 dB (2048 samples)
[MAC] Error in CRC, packet dropped [ 32 130   4  81   2  16  64  64   0  64   2   8  32 128  32   1   2   0
  65   0  32 128   4  16  66   0  96 130   4  80 130   8   1   0  40 163
   0   8 128 132  40   1   0  16 133   0  97   4   0  65   4   8 161   4
  32  34   4   0  82  64   0  64   4   0   0   2  33   2 130  81  16 195
   0   1   8 128   8   8 128   0  38  64   0   2 137  74  64   0   9   0
  32  13  36 146  32  17   2  72  82   9] [0]
--- 17 packets received with 16 error(s) ---
[SYNC] New preamble detected @ 119817 (CFO 2974.73 Hz, STO 1)
[SYNC] Estimated SNR: 24.67 dB (1024 samples)
[MAC] Error in CRC, packet dropped [ 56  41 199   8  97 164  12 183  92  61  81  70  16  99  78  24 130 136
  90 198 140  42 174  12  33 214 141  89 230 136  55 197 112 197 141  56
 163   5  56 161  56  40 197   8  32 101  12  52 133 120  84 133  24  97
 137  24  67 200  26 215 140  40 237 138 113 214  17 209  31   9 241   6
  56 193  74 184 233  66  17 226 186 104 194   8  96 162 138  49 222 184
  81 194  16  98 202  24 233  10  16 194] [12]
--- 18 packets received with 17 error(s) ---
[SYNC] New preamble detected @ 126867 (CFO 1839.35 Hz, STO 3)
[SYNC] Estimated SNR: 24.91 dB (1024 samples)
[MAC] Error in CRC, packet dropped [113 227  12  48 231  12  48 230  24  99 133  60 243 143  24  97 136  56
  64 140 112 199  30  49 195  30  59 195  56 241 135  56 225 142  60 227
 200 124  97  14  49 195  30  49 229 140 113 231 152 227 196  28 225 206
  60 225 198  56 231 140 113 199  30 113 195  30 121 194  12  49 143  56
 243 207  56 227 134  60  71 142  56 195  28 113 231  12  49 231  24  32
 134  28 211 142  24 227 139  56 227  12] [24]
--- 19 packets received with 18 error(s) ---
[SYNC] New preamble detected @ 133917 (CFO 3747.09 Hz, STO 5)
[SYNC] Estimated SNR: 24.42 dB (4096 samples)
[MAC] Error in CRC, packet dropped [  4 113   7 112 193   7 117 193 150  52 227 133  41 129  14 232 130  14
 243 137  10  80 196  20  81 199  29 209   2  24 195   4  88 195 142 184
 162  26  35 129  22  97   7  24 225   7  29 225 134  12 166  13  56 161
  12  48 163  14 187 165  10  56 164  12 121 135  48  65  94  56  99  76
  53 227   8  40 195  10  40  65  44  41  71  16  81  71  21  81  70  20
  67  69  57  81  14  56 194  14  33  77] [16]
--- 20 packets received with 19 error(s) ---
[SYNC] New preamble detected @ 140963 (CFO 9045.39 Hz, STO 3)
[SYNC] Estimated SNR: 24.11 dB (4096 samples)
[MAC] Error in CRC, packet dropped [ 16 128   0   1   4  16  73 134 144  65   4   0   1 134  32 131  14  32
 146 136  32 130   8   1   3  28  65 164 156  65  38   8   1 136  16 129
  72  48 130  72  52 128   4  16   5  20  81 131 148  65  36  24  65 130
  24   1   2  24 130 140  48 130  12  17   3  18  33 133  16  97   6   0
  33 132  16 161   4   0 146  76  32 130   9  32   1   8  32 131 152  97
   4  26  33 134  40  35  14  52 130 136] [52]
--- 21 packets received with 20 error(s) ---
[SYNC] New preamble detected @ 148013 (CFO 1847.85 Hz, STO 5)
[SYNC] Estimated SNR: 24.29 dB (1024 samples)
[MAC] Error in CRC, packet dropped [135  61 247   7  29 241 220  16 193 140  89 111 206  59 238 142  58 227
  24 241 207  24 161  77  28  87 157  28 247 135  48 115  14  49 175 138
 184 207 152 184 130  46 113 134  28 113 223  16 117  15  48 101  30  56
 227 142  56 227 152 112 239  24  32 207 117 209 196  28  67  68  28 115
 158  49 226 142  35 203 140  57 135  44 241 135  28 243 223  20  67 143
  92  97 204  56 227 142 224 227 142 240] [238]
--- 22 packets received with 21 error(s) ---
[SYNC] New preamble detected @ 155057 (CFO -2704.65 Hz, STO 1)
[SYNC] Estimated SNR: 24.69 dB (1024 samples)
[MAC] Error in CRC, packet dropped [178 202 155  98 202 169 157  58 235 179  44 246  86 237 174 106 213 217
 106  93 211 110 107 170 213 173  86  77 171  82 212 189 230 221 183  99
  75 178 186 173  91  85 169 115 173  45 108 138 219  99 140 254 230 157
  55  90 171 105  69 173 120 222 153 106 213  61 102 205  59  98 187 108
 205 109 150 163 109 146 173  92  91 231  86 242 167  92 221  91  42 211
  77  46 183 108  46 235  85 184 203  29] [178]
--- 23 packets received with 22 error(s) ---
[SYNC] New preamble detected @ 162109 (CFO -6274.13 Hz, STO 5)
[SYNC] Estimated SNR: 24.25 dB (1024 samples)
[MAC] Error in CRC, packet dropped [255 222 119 250 219 123 255 236 247 239 252 243 255 187 247 190 191 239
 255 223 239 254 249 239 255 103 239 125 231 254 185 243 223 190 255 156
 250 223 191 249 215 222 127 214 219 115 223 124 171 203 253 235 207 255
 239 222 182 207 223 255 231 254 241 231 159 255 183 189 250 254 172 251
 255 254 243 190 251 119 189 121 239 190 127 239 191 121 239 188 230 255
 252 243 175 191 243 174 187  91 189 255] [247]
--- 24 packets received with 23 error(s) ---
[SYNC] New preamble detected @ 169153 (CFO -1521.73 Hz, STO 1)
[SYNC] Estimated SNR: 24.16 dB (512 samples)
[MAC] Error in CRC, packet dropped [ 14 235 174  38 155 183 104  73  71  88 215  84 221  55 108 203 110 182
 177  26 217  73 178 249 186  86 233 158 124 197 145 117  31 107  45  74
 172 181 210 148  77 170 204 101 154 117 234 138  92 155  82  84 211 118
 237 111  52 245 178  90  89 138  50 250 229 145 234  93 166  66  85 182
 181  45 126 141  37 114 202 148 139 107 172 163  95 182 235  76  70 219
 213  80 219  53 104 202 196 179 202 153] [185]
--- 25 packets received with 24 error(s) ---
[SYNC] New preamble detected @ 176207 (CFO 657.57 Hz, STO 7)
[SYNC] Estimated SNR: 24.75 dB (1024 samples)
[MAC] Error in CRC, packet dropped [ 14 211 174  76 179  87  88 145 134 177  54 173 185  86 221 138 228 173
  66 177 186 146  37 235 114 173 219  80  93 141  34 106  58 213  90  85
  37 106 133  40 139  85 168 203  53  86 219  20 217  54  36 169 182 213
 107 138 100 171 198  52 187  20 100 228 235 171  84  85  76 132 185 109
 117  90 173  85  74 230 149  41   6 214 169  70 182  89  85 154 137 183
  42 161 182  90 209 133 201 170 149 187] [235]
--- 26 packets received with 25 error(s) ---
[SYNC] New preamble detected @ 183253 (CFO 507.45 Hz, STO 5)
[SYNC] Estimated SNR: 24.37 dB (2048 samples)
[MAC] Error in CRC, packet dropped [174 187  38 157  97  78 218 226  61  93 150 133  91  38  42  58 165  90
 213 108 218 165  45  90 150  73 219 118  36 179  43  40 213 189  82 177
  42  82 214 216 172 182  24  77 227  72 208 116 174 178 148  90  85 205
  40 182 175  81 215 108 209 166  43 182 133  86 217 106  18 217 174 213
 197 196  85 107  42  21 205 213 178 165  20  90 239  22 194 238 181  91
 140 177  91  44  50  98 187  18 200 166] [208]
--- 27 packets received with 26 error(s) ---
[SYNC] New preamble detected @ 190301 (CFO 7632.82 Hz, STO 5)
[SYNC] Estimated SNR: 24.67 dB (2048 samples)
[MAC] Error in CRC, packet dropped [ 48 195   4   8 130   4 160 192  16   0 128  16   1   0  16  65  10  16
   0 130  32  65 138   0   0  20  34 195  44   0 133   4  65  70  16  65
 150  32  65 128  40 192 136  40   1  12  32 194  24   0 134  24  65  67
  24  64   4  24  66 132   8  65 140   8   2  12  32 195  12   0 131   0
  81  64  16  65   4  16   3 130  16 192 138  16 131   2  80 194  12  16
 128  20  81   5  16  65   6  16   0 142] [48]
--- 28 packets received with 27 error(s) ---
[SYNC] New preamble detected @ 197345 (CFO 1191.15 Hz, STO 1)
[SYNC] Estimated SNR: 24.69 dB (1024 samples)
[MAC] Error in CRC, packet dropped [ 72 225  14 113 195  14 235 135 164  57 199  46  83 138  12 217   4  29
 247  30  92 161 132  24 163 134  27 178  12  53 166  10 185 163  28 181
  68  54  71  86  60  65  78  49 115  14 187 113  68  56 110  26  49  74
  24  57  99  13  55 110  28 113 196  24 243 198  96 130 190  60 231 138
 122 195 136 113 138 150  89 130  77  81 142  17  35 142  42  33 132  40
 162 142  50 234  12 120 228  93  65 223] [181]
--- 29 packets received with 28 error(s) ---
[SYNC] New preamble detected @ 204397 (CFO 505.36 Hz, STO 5)
[SYNC] Estimated SNR: 24.97 dB (2048 samples)
[MAC] Error in CRC, packet dropped [156 225 231  28 161 135 144 103 221 112 229 207  24  67 143  58 226  14
  33 203  90 113 171 184  53 135  90 245  75 184  33 223  17 195  22 188
 235 132 113 203 148 226 163  20 162 133 148 113 218  61 225  86  29  99
 142  52 225   7  32 203  30 112 171 190 121 215  72  71  68 121  39 196
  24 227   7  42 225 189 120 199 154 233 227  24  33 131 142 105 211 120
 225 199   8  69 143  56 227 164  41  67] [8]
--- 30 packets received with 29 error(s) ---
[SYNC] New preamble detected @ 211446 (CFO 3190.22 Hz, STO 6)
[SYNC] Estimated SNR: 24.94 dB (1024 samples)
[MAC] Error in CRC, packet dropped [142  33  78   8  33  78  56  50 198 156 116 133  48  99 157  16  67 210
  97 169  10  16 130 154  17 231  42  96  71  16  64 155  56  34 150  20
 193  76  98  34 196  34  73  28  32  65  52  48 197 149 193 134  53  96
 142  20  96 214 100 169   6  48 129 150  16 226  24 103  87  13  96 146
  56  99   4   8  99  69  40  37 172  41 194  10  33  70  42  40 194 136
  96 135  56  33 131   8  65 196  43 162] [36]
--- 31 packets received with 30 error(s) ---
[SYNC] New preamble detected @ 218489 (CFO 6259.15 Hz, STO 1)
[SYNC] Estimated SNR: 24.74 dB (4096 samples)
[MAC] Error in CRC, packet dropped [ 24  97 134  48 134 134  56 132   8  32 131   4  17 135  40 162 128  12
  83  12   8   2 156  16 163   4  89   2  12  17 143  56   3  67  56  65
  68  24 129   4  48  71 128 104 129 140 104 132  24  32 199  12  33 135
  24 161   8  16 163  12  48  99   4  48 131  12 112   2  28  49 134   4
 211   6  40  98 140  32  65   6  24  99  26   1  97 140  16 196   8 112
 195  60  97 135  24 194 128  28  67  12] [56]
--- 32 packets received with 31 error(s) ---
[SYNC] New preamble detected @ 225541 (CFO 12467.71 Hz, STO 5)
[SYNC] Estimated SNR: 24.76 dB (2048 samples)
[MAC] Error in CRC, packet dropped [ 32 130   0   0   0   8   0   4  16  65   0   0   1   0   0   0   0   0
 194   8  48   0   0   0   2   0  96   0  16   1   4   0   1   0  16  65
   4   0   0   8  32   2   0  32   2   8   0   6  16  64   0  16  65   0
  16  65   0   0   2   0  48 130   0  32 130   0  97 128  16  65   4   0
   0   0  16  65   0  32 130   0  32 128   0  32 134   8   0   4  16  65
   4   0  65   4   0   1   4   0 193  12] [48]
--- 33 packets received with 32 error(s) ---
[SYNC] New preamble detected @ 232588 (CFO -1792.91 Hz, STO 4)
[SYNC] Estimated SNR: 24.99 dB (4096 samples)
[MAC] Error in CRC, packet dropped [155 247 222 229 207  60 233 199  62 123 178 178 253  46 125 211 142 125
 209 206 125 242  95 107 166  92 109 167  28 251 239  93 245 228 158 203
 206 181 227 214  61 243 182 181 239 108 185 231 110 251 210 157 237 108
 157 247 110  60 233 206  56 251  47 187 230 141 189 206  56 117 175 155
 117 183 191  87 175 127 195 141 125 115 231 117 175 221 105 167 223 123
 242  27 125 239 221  59 198 217 121 157] [59]
--- 34 packets received with 33 error(s) ---
[SYNC] New preamble detected @ 239637 (CFO 10264.32 Hz, STO 5)
[SYNC] Estimated SNR: 24.95 dB (2048 samples)
[MAC] Error in CRC, packet dropped [  0   0   0  34 128   0  42   0   8  34   0   0   1   4   9  32 130 132
  64   8   1   4   0   0   0   5   0  68  16  10   4 144   0   8   1   5
   0  16  36   0  32  18   0   0   0   1   2   9   0  34 128   0   5   8
  33   0  18 160   0  16  33  68  16  32   8  17   5  72   0   6   8 136
  65   0   1  64 160   8  64   8  80   2   8  64   4   8  18   1  16   2
 128  16  73  36  17   0 170 144  64   0] [1]
--- 35 packets received with 34 error(s) ---
[SYNC] New preamble detected @ 246687 (CFO 2790.23 Hz, STO 7)
[SYNC] Estimated SNR: 24.77 dB (2048 samples)
[MAC] Error in CRC, packet dropped [115  10  88 163 184  40 195  40  33 230  12 179 206  44  17  71  16  97
  74  24  66 132  89  86 142  43 174 140  32 198 172  57 231 152  54 197
 112 199 143  24 163   7  24 163  24  40  65  40 160 231   4  48 133  44
  84 133  92  97 141  24  67 196  24 117 140  42 239 138  17 194   8 249
 139  24 177   3  24  69  78  24 101 194  17  98 186  40 194 170  32 162
 142  49 203 172  17 198  17  97 202  24] [165]
--- 36 packets received with 35 error(s) ---
[SYNC] New preamble detected @ 253731 (CFO 1432.06 Hz, STO 3)
[SYNC] Estimated SNR: 24.84 dB (2048 samples)
[MAC] Error in CRC, packet dropped [ 97   2  76 160 231  12  32 235  44  51 139 178 219 171  24  97 142 112
  65 186  48 139  87  21 131  42  33 139  92 240 171  88 192 138 116 195
  78  49  97 158  33  81  54  33   6  12  65  10  44 113 130 114 161  42
  52 161   6  33 195  26  81 194  22 213 130  42 225 139  12  50 198 184
 202 200 184 194 132  80  99 156 125  82  21  98 166  12  34 170  44 178
 130  48 218 170  88 226  12 112 194  24] [29]
--- 37 packets received with 36 error(s) ---
[SYNC] New preamble detected @ 260780 (CFO 8524.50 Hz, STO 4)
[SYNC] Estimated SNR: 24.89 dB (1024 samples)
[MAC] Error in CRC, packet dropped [ 48 195   8  97   2  24  96   0   0  64 132  16  97   2  40   1   0   0
  65   0  96 225   8  32 131   0  96 130   0  96 130  16  33 130  48 195
   0   0 193   4  48  66  22  32 198   0  97   4   0  65 134  16  65 132
   8  66   4   0  66   4  32 194  12  32 130   0  97 134   0  65 132   8
  33   2  16 128   8   0 193   8  48 193  24  17 194  12  96   2   8  64
 130  24  97 134  12  35  12   0  67  12] [32]
--- 38 packets received with 37 error(s) ---
[SYNC] New preamble detected @ 267829 (CFO -7542.13 Hz, STO 5)
[SYNC] Estimated SNR: 25.16 dB (2048 samples)
[MAC] Error in CRC, packet dropped [187 247  94 237 207  62 249 247 254 251 255 182 255 110 125 247 239 251
 231 220 245 254 223 123 230 255 251 239  93 251 206  89 247 165 253 223
 255 251 251 188 189 214 190 253 239 189 249 231 191 251 239 185 255 205
 189 247 222 189 247 204 181 254 159 251 231 159 251 255 125 235 238 191
 215 255 125 239 239 125 235 171 125 215 255 109 239 253 121 215 255 251
 191  87 255 158 125 247 207 123 231 187] [113]
--- 39 packets received with 38 error(s) ---
[SYNC] New preamble detected @ 274876 (CFO 5109.86 Hz, STO 4)
[SYNC] Estimated SNR: 25.11 dB (2048 samples)
[MAC] Error in CRC, packet dropped [ 14   8 195  28  16 165  20  80 229 144  17 133  20  81   6  40  97  74
  40  35 142  33  98 140  40  65 140  40 194 148  16 195   4  33 143  16
  81  69  24  34 128  40  67 140  16 163  24  80 227 152  32 199  12 129
  69  28  97 132  40  83 135  40 224 142  32  67 140  32 197   4  25 193
   4  17  69  52  64 139  24  64 138  24  99 130  56 161  12  88 225 140
  48 195   4  17  78  48  97  70  48  33] [130]
--- 40 packets received with 39 error(s) ---
[SYNC] New preamble detected @ 281924 (CFO 1244.33 Hz, STO 4)
[SYNC] Estimated SNR: 25.18 dB (2048 samples)
[MAC] Error in CRC, packet dropped [227  12  49 231  12 113  67 148  81  71  28 225  70  24  65  70  24 162
 143  56 163  28 105 198 140  48 199  28  48 199  30 243 134  48 227 143
  56  99 135  28  99  30 113 227  28 113 227 148 113 103 156 209  70  56
 115 134  56 114 138  56 224 156  57 198 156 112 197  28 112 199  48 227
 205  16 209 143  24 243 138  60 194 158 112 195  30  49 195  20  49 199
  28  97 134  56 225 134  56 226 207  56] [227]
--- 41 packets received with 40 error(s) ---
[SYNC] New preamble detected @ 288968 (CFO -1822.88 Hz, STO 0)
[SYNC] Estimated SNR: 25.22 dB (2048 samples)
[MAC] Error in CRC, packet dropped [ 48 199  28 113 198  60 115 167  28 243 135  61 235 156  51 203  28  56
 231 206 121 255 159 113 214  56 231 207  56 107 207 188 231 159 184 231
 142 116 247  77  49 255  28 113 143  60 113 167  30 241 134  62 235 158
  48 227  30 112 227  31 121 215 156 113 215  60 233 207  60 107 207 125
 227 172 186 199 141  60 247 158  51 215  28  99 135  24 115 175  24 243
 143  57 231 158  57 199  94  60 227 204] [125]
--- 42 packets received with 41 error(s) ---
[SYNC] New preamble detected @ 296018 (CFO -2750.48 Hz, STO 2)
[SYNC] Estimated SNR: 25.22 dB (2048 samples)
[MAC] Error in CRC, packet dropped [ 28 244 231  60 245 207  56 243 150  91 113 166  56 239 206 121 239  30
 113 227 108  55 223  76  55 223  61 225 159  56 227 206 153 233 207  59
 199 188 120 199 124 248 231  28 121 231 124 243 158  92 229 190 156 227
 190  57 231  30 121 239 124  51 199  92  51 207 125 243 215  61 111 214
  61 239 143  57 239 158 176 199 140 246 223  12 117 223 189 243 142 125
  97 142  56 247 206  57 247  94 185 231] [156]
--- 43 packets received with 42 error(s) ---
[SYNC] New preamble detected @ 303070 (CFO -2377.23 Hz, STO 6)
[SYNC] Estimated SNR: 25.25 dB (2048 samples)
[MAC] Error in CRC, packet dropped [ 48 195  12 117 231  28 117 206  89 117 206 186  99 135  62 255 158  58
 195 156 250 235 157 116 215  30 115 215 124 115 199  59 241 135  58 235
 142  57 231 156 121 235  94  53 195  94 125 207  28 245 207  58 227 199
 188 235 254 122 195 142 123 231 220 117 215 158 115 215  60 243 198 221
 115 175  56 243 207 249 231 174 248 199 191 120 195  28 125 207  88 119
 207 120  99 134  60 243 158  57 195 158] [121]
--- 44 packets received with 43 error(s) ---
[SYNC] New preamble detected @ 310118 (CFO -4273.72 Hz, STO 6)
[SYNC] Estimated SNR: 25.16 dB (1024 samples)
[MAC] Error in CRC, packet dropped [ 90 227 183  56 235 183 188 227 254 184 251 143 177 199 126 125 199  93
 255 207  29 105 222 253  97 206 190 251 142 189 247  78 122 231 174 120
 215  31 119 215 191  99 199  24 251 135 159 247 254 248 231  15 250 231
  13 253 247 157 247 239  63 121 206 189 113 206  58 235 190  61 227 238
  57 231 253 120 199 223 253 166  60 115 215 120 235 199  63 231 158 120
 235 207 113 231 159  61 231  28 101 207] [188]
--- 45 packets received with 44 error(s) ---
[SYNC] New preamble detected @ 317163 (CFO 5960.36 Hz, STO 3)
[SYNC] Estimated SNR: 25.35 dB (2048 samples)
[MAC] Error in CRC, packet dropped [134  33  74   8  32  74  40  34 202   8 164 137  16  32 149  16  64 210
   0  33  18  17 134  18  16  97  42  32  75   2   0 147  40  34 146   0
  65  68   0  32 148   2  73   4  32  65  36  32 201 133   0 138  37  32
 130  20  64 210   4  41  22  16 129  22  16  66   8  32  82 137  34 146
   9  33   4   8  65  65  72  33 164  33  70   0  32  66  40  32 194   8
 160 131   8  32 131  12  64 132  74 130] [36]
--- 46 packets received with 45 error(s) ---
[SYNC] New preamble detected @ 324210 (CFO 291.28 Hz, STO 2)
[SYNC] Estimated SNR: 25.24 dB (512 samples)
[MAC] Error in CRC, packet dropped [121 231  12 113 195 156  81  71 156  83 206  24  97 198  24 227 143  56
 231 156 105 198 140  48 199  28  48 207  52 243 134  56 227 143  56  99
 135  28 103  30 113 227  28 113 227 156 113 103  28 211  14  56 115 134
  56 115 142 120 226 156 121 199 156 112 199  28 113  79  56 227 205  24
 241 143  24 243 142  56 226 158 112 195  30  49 195  20  49 199  60  99
 142  56 225 134  56 226 222  57 231  28] [112]
--- 47 packets received with 46 error(s) ---
[SYNC] New preamble detected @ 331259 (CFO -826.71 Hz, STO 3)
[SYNC] Estimated SNR: 25.25 dB (4096 samples)
[MAC] Error in CRC, packet dropped [113 199  28 113 199  29 241 151  56 227 134  56 235 206 152 227 158 185
 199  14 113 215  76 121 199 189 119 198  88 115 198  28 225 174 157 231
 188 120 231 142 121 195  92  49 199 125  97 143  56 243 142  56 243 206
 184 231  14 184 231  28  57 199 156 113 207  29 103 206  56  99 206  58
 105 143  61 227 172 121 231 140 113 215 140 113 223  60 243 135  24 227
 134  24 239 190 248 195 190 121 231  30] [113]
--- 48 packets received with 47 error(s) ---
[SYNC] New preamble detected @ 338308 (CFO -6657.07 Hz, STO 4)
[SYNC] Estimated SNR: 25.15 dB (1024 samples)
[MAC] Error in CRC, packet dropped [ 48 203  54 249 171 220 125 185 167  93 249 231 175 183  63  93 126  77
  91 115 175 187 181 203 219 255 111 247 188 107 214 229  95 182 253 251
  94 116 215 117 186 188 170 202 247 250 121 182 171  89 247 234 173 247
  57 243 127 249  83 109 170 215 182 203 215 191 105 247 190 105 217 215
  87 175 254 223  77  94 218 235 181  90 170 189 207  42 115 189 173  91
 237 237 243 175  53 219 110  85  83 110] [181]
--- 49 packets received with 48 error(s) ---
[SYNC] New preamble detected @ 345354 (CFO -3644.46 Hz, STO 2)
[SYNC] Estimated SNR: 25.12 dB (1024 samples)
[MAC] Error in CRC, packet dropped [ 49 199  29 124 195  31 241 238  93 117 198 219 123 175  56 247 159 122
 227 157 186 227 157 244 215  30 251 231 156 243 207  59 113 207  62 121
 206 253 231 157 113 227 238  52 199 222  49 206  29 245 134  59 251 207
  57 233 159 125 195 158 122 231  61 116 247  62 115 199  28 115 207 220
 113 174 127 231 204 123 199 142 177 247 142  57 239 124 241 207  30 245
 142  26 251 239 248 247 158 251 243  28] [123]
--- 50 packets received with 49 error(s) ---
[SYNC] New preamble detected @ 352406 (CFO 935.88 Hz, STO 6)
[SYNC] Estimated SNR: 24.79 dB (1024 samples)
[MAC] Error in CRC, packet dropped [ 48 195  28 121 195  28  96 238  56 225 207  56 243 134  24 113 132 112
 199 222 113 199  30 113 227  12  49 143   8  51 143  56 225 142  56 227
 222  25 225 150  49 199  28 120 199  28 104 230  60 225 199  56 227 142
  28 225 142  20 195  28 121 231  30 113 231  28  51 135  28  99 142  56
 243 198  60  99  70 125 231  30  49 199  28  48 199 140 112 206  56 241
 207  56 227 142  56  97 156 120 199 140] [113]
--- 51 packets received with 50 error(s) ---
[SYNC] New preamble detected @ 359448 (CFO -3768.77 Hz, STO 0)
[SYNC] Estimated SNR: 25.00 dB (2048 samples)
[MAC] Packet demodulated:  [250 199  28 121 219 142 185 211  28 245 239 120 229 207  56 243 246 252
 235 198  60 235 156 181 219 188 247 207  12 121 239 189  99 150  56 239
 246  56 113 158 241 247  30 123 223 140 112 215 140 241 215 121 243 206
  57 243 230 248 239 206 121 231  45 177 227 190  60 195  62 117 158 184
 245 158  91 227 142  60 115 158 244 195  31 127 223 140  63 223  60 227
 239 124 227 206 216 247 142 253 233 208] []
--- 52 packets received with 50 error(s) ---
[SYNC] New preamble detected @ 366502 (CFO -8145.26 Hz, STO 6)
[SYNC] Estimated SNR: 24.91 dB (1024 samples)
[MAC] Error in CRC, packet dropped [155 247  71 255 223 117 253 215 123 235 243 255 255 230 253 255 186 239
 249 220 245 255 223 255 247 215 253 255  93 251 238  89 245 231 207 255
 127 187 235 188 189 223 167 159 107 245 157 247 171 219 115 153  63 255
 149  55 250 175 121  76 181 127 255 159 119 231 157 223 125 106 254 239
 244 247 239 254 175 119 234 175 125 210 231 127 254 213 125 214 219 107
 179  95 190 231 213 126 251  91 123 191] [53]
--- 53 packets received with 51 error(s) ---
[SYNC] New preamble detected @ 373545 (CFO 700.34 Hz, STO 1)
[SYNC] Estimated SNR: 25.22 dB (2048 samples)
[MAC] Error in CRC, packet dropped [156 138 113  67  13 117 196 147  58 107 181 118 136 150 237 137  23  42
 150 174 234 146  45 108 147 173 218 149  46  88  19 108 217 172 210  85
  43  84 170 162 212 162  69  91  33  69 216 163  22  86  37  90  84 162
  93 181  43  27 178 230 154 178  37  88 163 208 162 213  90  41  83  22
 169 212 106  41  87  45 170 214 172 210  73  43  85  77  36 211  78  51
  85 110 177 198 141 177  71  17 172  82] [146]
--- 54 packets received with 52 error(s) ---
[SYNC] New preamble detected @ 380599 (CFO -8048.91 Hz, STO 7)
[SYNC] Estimated SNR: 25.04 dB (4096 samples)
[MAC] Error in CRC, packet dropped [155 247 215 255 255 117 249 214 122 235 243 255 255 238 245 255 170 251
 251  92 181 254 223 255 247 223 253 239  93 251 238  89 245 231 223 255
 127 187 203 188 189 223 183 191 239 245 253 230 187 219 115 153 191 255
 157 247 250 175 123  76 181 127 255 159 119 207 189 159 117 106 255 239
 245 247 255 254 175 119 234 175 125 243 231 127 254 213 125 214 219 235
 179  95 254 239 213 255 235 123 251 187] [53]
--- 55 packets received with 53 error(s) ---
[SYNC] New preamble detected @ 387647 (CFO -1372.89 Hz, STO 7)
[SYNC] Estimated SNR: 25.06 dB (512 samples)
[MAC] Error in CRC, packet dropped [ 14 105 215 102  91 171 233  77  87  88 147  86 220 171 110 205 118 214
 179  90 221  73  50 245 187  86 233 155 110 197 145  53  29 106 173 106
 182 181  82 148  77 170 212 101 154 161 106 142  76 155  82  85 219 110
 181  79  54 213 179  90  93 142  50 242 229 149 171  93 166  66  85 182
 186 173 118 175 173 114 202 148 139 107  92 227  93  54 235  76  70 219
 149  80 219  45 106 202 204 147  74 217] [181]
--- 56 packets received with 54 error(s) ---
[SYNC] New preamble detected @ 394692 (CFO 7292.95 Hz, STO 4)
[SYNC] Estimated SNR: 25.05 dB (2048 samples)
[MAC] Error in CRC, packet dropped [ 97 134  24  65  70  16 195   0   0 133 148  40 166   8  80 192   0  65
   4  40  80 206  40  81  68  24 129   8   0 199  12  80 161  28  80 130
   8   1 134  24  65 138  52  33  70  48 131   4  17 161 140  48 162   4
  81 128  24  33 132  56 160 194  28 192   4  16   1  12  80 195  12 105
  64   0  33 194   8  97  70   8 177 140   0  34   4  32 131  12  49 133
 140  48   2  24  49 134   8  51  68  24] [96]
--- 57 packets received with 55 error(s) ---
[SYNC] New preamble detected @ 401737 (CFO 2506.53 Hz, STO 1)
[SYNC] Estimated SNR: 24.74 dB (1024 samples)
[MAC] Error in CRC, packet dropped [113 195 156 113 135 190 226 206  24  97 198  24 227 143 121 199  28 125
 199 140  48 135  28  48 198  62 227 134  56 227 143  56  99 135  28  67
  28 113 227  28 113  99 156 113 167 158 224 134  56 115 134  56 115  12
  57 193 156 121 199 156 112 199  28 112 198  56 227 207  24 241 143  24
 243 140  60 193  28 112 195  30  49 195  24  33 199  62 162 142  56 225
 134  48 227  95  57 199  28 112 231  30] [113]
--- 58 packets received with 56 error(s) ---
[SYNC] New preamble detected @ 408785 (CFO 4054.48 Hz, STO 1)
[SYNC] Estimated SNR: 24.33 dB (2048 samples)
[MAC] Error in CRC, packet dropped [ 16 201 131 174 123 131  12 160 142 105  97  12  93  67   6 173 150   4
  24  66  28  98 174  40 194  12  13  67 172 109 179   4  81 133   4  49
 149 168  24 197  24 105   4  40  89 134   9 165  12 104 114  12  80  71
   8  42 198   4  27  70  24  99 166  41 195  11 176 192 138  96 131   8
  80 131  90  33  74  42 145 138   8 194 138 168 242 136   8 162 136  97
  67   8  81  66  12 163 130  40 112 207] [136]
--- 59 packets received with 57 error(s) ---
[SYNC] New preamble detected @ 415833 (CFO 8883.69 Hz, STO 1)
[SYNC] Estimated SNR: 24.16 dB (512 samples)
[MAC] Error in CRC, packet dropped [ 32 134  16  65   6  16  97   0   0  64   0  32 130   0  32 131   8  32
  66   0  33 128  16  65   6  16  97 134  48  67   0  32   3   8  32 131
   8  96 134   4  96   4   0  65 132  16  97   4   0  65  12  32 129  12
  32 130  12  96  70   0  32 134  16  65   6  16  97 134  48 195   8   0
   2   8  32 130   8   0 128   8  97   4  24  65 132   8  99  12  32  66
   8  32 130   8  32 131   8  65  70  24] [33]
--- 60 packets received with 58 error(s) ---
[SYNC] New preamble detected @ 422880 (CFO -4591.55 Hz, STO 0)
[SYNC] Estimated SNR: 24.60 dB (1024 samples)
[MAC] Error in CRC, packet dropped [215 185 189 219 111 187 223  77 246 237 190 234 254 217 111 191 211 111
 190 187 213 221 118 223 186 119 223 125  42 223 125 103 159 179 247 189
  90 111 172 245 237 169 237 171 127 235 175 125 239 189 187  90 191 121
  85 189 243 159  60 251 149 189 102 207 186 231 211  93 231 111 118 182
  78 243 237 125  91 239 127 117 205  89 251 219 123 251  94 109 183 221
 126 171 254 249 207  93 242 207  47 119] [191]
--- 61 packets received with 59 error(s) ---
[SYNC] New preamble detected @ 429934 (CFO -601.83 Hz, STO 6)
[SYNC] Estimated SNR: 24.46 dB (2048 samples)
[MAC] Error in CRC, packet dropped [142  52  69 148  29 195  12  57 199  12 224 238 190 227 234  24 119 142
  24 119  28  17 199 214 120 231 156 123 239  30  50 239  28  49 143 184
 243 142 124  99 196  49 103 196  49 195  28  49 198  60 240 206 184  43
 207  56  97 222  57 199  12  57 199 222 112 199 156 243 195 142  99 175
  58 249 142  56 241 140  25 243 143  89  71  28 121 227  28 121 230  60
 240 206 158 243 142  56 103 142 120  71] [7]
--- 62 packets received with 60 error(s) ---
[SYNC] New preamble detected @ 436979 (CFO 8497.90 Hz, STO 3)
[SYNC] Estimated SNR: 24.22 dB (1024 samples)
[MAC] Error in CRC, packet dropped [ 48 130   0  65   2  16 224 130  40  64 128   0 128   0  32  65   4  81
  64   4  33 128   0   0 130   8  98 130  40 194   0   0   3   0  49 195
   4  81 133   4  32   4   0  32 134   0 225 132  40  65   4   0 129   4
  32  71   4  80  70   0  32 134   0  35 134   8  99   6  40 195   8   0
   1   8  32 129  12  80 128   8  33   0   8   1 138   8 194 138  40  66
 136   0 130   8  32  67   8  81  66   8] [33]
--- 63 packets received with 61 error(s) ---
[SYNC] New preamble detected @ 444030 (CFO 7590.62 Hz, STO 6)
[SYNC] Estimated SNR: 23.69 dB (1024 samples)
[MAC] Error in CRC, packet dropped [ 32 130   4 209  18  52  66  65   5 210 129   5 160 146  41  33   2   8
  77   2  43 140   0  16  66   4 226 154  40  66 152   1   7  16 105 167
   2  65 133   4  35  76  32  16 141   0  65   4  64  81   4   0 161  20
  40  34 132  64  78  32  42 134   4  19  68   0  99  30  40 195  27  65
   0 138 104 129   8  72 128  42  35  64  40 147 129   8 194 138 105 194
 136   8 162 154  97  35  10 129  66   8] [161]
--- 64 packets received with 62 error(s) ---
[SYNC] New preamble detected @ 451073 (CFO -4292.80 Hz, STO 1)
[SYNC] Estimated SNR: 23.71 dB (1024 samples)
[MAC] Error in CRC, packet dropped [255 190 159 127 215 123 233  39 179 255 156  62 223 188 124 255 207 119
 178 121  39 214  56 127 159 248 127 253 125 203 141 186 239  63 243 255
 255  99 223  76 249 191 158 121 198 114 239 254 176 207 158 112 223  13
 123 255 204  97 159 120  97 247  63 231 159 154 113 174 122 243 140 247
 247 140 247 159 254 245 210  89 247 190 249 243 207 124 231  44 181 243
 158  63 211 190 123 223 203 243 135 187] [244]
--- 65 packets received with 63 error(s) ---
[SYNC] New preamble detected @ 458127 (CFO -4079.16 Hz, STO 7)
[SYNC] Estimated SNR: 23.82 dB (1024 samples)
[MAC] Error in CRC, packet dropped [255 190  31 255 215 123 233  39 179 255 156  62 223 188 124 255 207 103
 146 121  39 214  56 127 159 248 127 254 125 219 140 186 239  63 243 255
 255  99 223  92 249 191 223 249 198 112 239 254 176 207 159 112 223  13
 123 239 204  97 151 120 105 247  63 231 159 154 113 172 122 243 140 247
 255 140 227 158 126 245 214 217 243 182 249 243 205 116 231  44 181 243
 158  63 211 190 115 159 219 243 135 190] [62]
--- 66 packets received with 64 error(s) ---
[SYNC] New preamble detected @ 465171 (CFO 2217.58 Hz, STO 3)
[SYNC] Estimated SNR: 23.80 dB (1024 samples)
[MAC] Error in CRC, packet dropped [ 32 252   8  48 236  48 103   7 247 255  63 144  65 152 112 195 152 224
 142 127  55 195  63  47 207  48 241 167 120 225 140  63 199 248 231 227
  30  33 147  62  33 188 136 241  44 176 231 134 118 193 126 126 129  78
 113 206  56  97 206  62 247 131  62 239 142  28 115  29 249 223 201 241
 135 140 100 207 156 124 210  17 227 255  25 227 237  49 231 134 116 255
 188  81 194  25 115 194  56  61 143  16] [35]
--- 67 packets received with 65 error(s) ---
[SYNC] New preamble detected @ 472221 (CFO -1354.62 Hz, STO 5)
[SYNC] Estimated SNR: 23.93 dB (1024 samples)
[MAC] Error in CRC, packet dropped [220 135 241  67   5 117 198 251  58 123 242  54 136 143 237 137  23  87
  21 101 106 246  28 108 243 171 154 145  42 146  19 108 233 239 222  85
  51  85  40 182  84 163 197  83  33  69 170 239  62  86  38  62 213 162
  93 183 207  91  37  76  90 210  44  92 243 224 162 218 158 185 139  30
 249  84 106  45 214 105 170 214 180 199 137 171  69  13 174 187 106  51
 215 111  93 197 137 209  71  17 173  82] [178]
--- 68 packets received with 66 error(s) ---
[SYNC] New preamble detected @ 479270 (CFO -1432.43 Hz, STO 6)
[SYNC] Estimated SNR: 24.03 dB (2048 samples)
[MAC] Error in CRC, packet dropped [ 92  63 191  56 154 110 174 161  35  13  98 125  83 126 221 179  21 251
 218 197 107 117  38 203 230 249  91 166 249 251  30  68 212 117 172 183
  42 114 215  74  81  54 171 177 150 107 175 170  41 242 109  73  83  77
 211 213  60 243 214 201 105 110  41 207 175 150  71 169 118 153   9 118
 218 212 181  26  52 149 207  42 210  45 174 162 140 118 219 173  49  27
 119 117  67 108 215 170  43  19 207  42] [103]
--- 69 packets received with 67 error(s) ---
[SYNC] New preamble detected @ 486317 (CFO -5721.16 Hz, STO 5)
[SYNC] Estimated SNR: 23.92 dB (2048 samples)
[MAC] Error in CRC, packet dropped [255 239 255 231 223 175 175 207 255  95 159  86 223  63 110 167 118  86
 255  95 223  95 186 255 190 118 239  58 126 198 159 245 253 111 173  78
 148 181 222 148 109 174 252 101 158 239 238 142 124 255 126  85 223 118
 253  77  52 213 254  91 223 142 123 250 253 245 171 251 190 195 121 182
 189 173  95 141 189 115  74 244 251 107 236 227  91 174 170 204 118 254
 221 208 219  53 232 138 252 247 202 249] [254]
--- 70 packets received with 68 error(s) ---
[SYNC] New preamble detected @ 493367 (CFO -2141.72 Hz, STO 7)
[SYNC] Estimated SNR: 24.07 dB (512 samples)
[MAC] Error in CRC, packet dropped [220 135 241 195  13 117 134 251  58 115 254  54 137 151 233 137  23  87
  21 108 107 230  44 108 243 171 146 149  42 146  23 108 241 207 222 213
  50  85  42 182  84 163 197 251  37  69 170 239  62  86  38  28 213 170
  85 167 207  91  37  76  91 226  60  88 227 224 162 218 156 185 219  29
 217  84 106  45 214 105 174 222 176 215 137 171  69  13 166 155 106  51
 223 127 197 197 169 209  79  49 173  18] [179]
--- 71 packets received with 69 error(s) ---
[SYNC] New preamble detected @ 500411 (CFO 10481.23 Hz, STO 3)
[SYNC] Estimated SNR: 24.51 dB (2048 samples)
[MAC] Error in CRC, packet dropped [ 32 130   8  65   2   8 160 128   8  32  10  40   0   0  32   0   8  80
  65   4  64   0  48   0 128  16 160   2  32 160   8   8 128   0  64 129
   8  96 128   4  17   0  16  33  10  48  33   2   0  65  10  32  65  20
  97 129   8   1 128   0  33   0  16 193   0  16 193   0  32 129  24   0
  66  16   0  66   8  32  66   0  80   2  16  66 138  48  66   0   0 130
   8  32 130  20  32 130   8  64 130  32] [64]
--- 72 packets received with 70 error(s) ---
[SYNC] New preamble detected @ 507456 (CFO 2089.91 Hz, STO 0)
[SYNC] Estimated SNR: 24.56 dB (2048 samples)
[MAC] Error in CRC, packet dropped [155  32  98  29  48 117 219 112  97 212  17 205  44  33 139 168 224 215
 178 196 135  24  99 140  84 197  28  65 129 168 113 141 190 104 138  48
 160 134  48 181   7  24 227  93  32 213  15  48 193  52 161 141  14 193
 138   8 235 149  80 197 135 120 195  12 101 197  60 225 102  24  49  78
  16 105  10  16  75  70 169  87  86  57  65  24  81 117  26  81   3  16
  97 140 172  97 138  42  65 150 112  69] [14]
--- 73 packets received with 71 error(s) ---
[SYNC] New preamble detected @ 514505 (CFO -987.08 Hz, STO 1)
[SYNC] Estimated SNR: 24.31 dB (512 samples)
[MAC] Error in CRC, packet dropped [178 235 172  49 171 142  88 115 174 176 150  92  93 193  45  59 227  28
 211 238 217 163 175 186 251 198 123 101  38  91 231 217  83 199  89 115
  38  72 244 235 172 163  42 178 227  74  85 118  61 181 150  92  87 202
  42 114 175  74 231  14 211 181  45 178 246  77 209  78  40 211 231  20
  73 171  94 169  42  62 234 156 184 170  60 153 239  84 210 109  22 162
 140  86  73 214  49  46 183  56 235 236] [211]
--- 74 packets received with 72 error(s) ---
[SYNC] New preamble detected @ 521556 (CFO -7050.13 Hz, STO 4)
[SYNC] Estimated SNR: 23.44 dB (2048 samples)
[MAC] Error in CRC, packet dropped [255 255 253 252 251 254 251 255 255 255 255 254 243 246 253 243 239 254
 255 253 251 235 255 249 231 238 255 231 255 251 239 252 255 255 253 253
 223 223 251 222 255 247 221 252 243 222 243 215 255 255 207 254 251 206
 217 235 223 246 231 141 251 215 138 233 191  60 253 222 189 243 223 188
 247 191 247 231 190 247 247 254 251 238 253 247 207 186 235 175  61 239
 173 191 243 254 181 247 222 255 223 221] [61]
--- 75 packets received with 73 error(s) ---
[SYNC] New preamble detected @ 528602 (CFO 8089.78 Hz, STO 2)
[SYNC] Estimated SNR: 24.22 dB (2048 samples)
[MAC] Error in CRC, packet dropped [  0  64   2  16  65   5  20  65   4   8   0   2   8 129   7  40 130   8
  16   3   4  17   2  20  81   5  24  65   4  24   2   6  32 163  10  32
 130   4  33   3   8  32   6  24  96   5  12  33   8  16 162  10  16 131
  14  48 160   8  48   3  14 113   2  24  65   0   0  65   4  32 194  14
  44  65  10   0  64  12   1  67  16  89  66  16  64   4  16  65   8  56
 194  10  16  65  12  16  68  16  41  67] [16]
--- 76 packets received with 74 error(s) ---
[SYNC] New preamble detected @ 535653 (CFO 4254.59 Hz, STO 5)
[SYNC] Estimated SNR: 24.26 dB (512 samples)
[MAC] Error in CRC, packet dropped [ 24  67 156  48 130 152  96 198  14 235 206  60  33 133  56 225 135  48
 193  12 120   7 138  88 199 138  97 227  14 113 194  24 115 139  48 195
 198  60  67   2  56 195  20  49 194  24  97 207  12  97 134  60 243 134
  20 227 158  48 195 140 120 199  12 121 199  28  48 198  24 243 143  24
 227  15  24 193 158  56 225  12  49 199 158  49 199 158  99 207   0 225
 204  56  99 132  48 227 132  48 163  20] [48]
--- 77 packets received with 75 error(s) ---
[SYNC] New preamble detected @ 542697 (CFO 301.32 Hz, STO 1)
[SYNC] Estimated SNR: 24.71 dB (2048 samples)
[MAC] Error in CRC, packet dropped [220 156 225 133  29 101 134 243 118  91 117 107  12 181 204 137  55  22
  17 106 204 178 109  85  35 107  26 149 106 154  35  76 153  73 158 173
  51  86  43 214 212 164 213 169  37  85  42 103 206  52  41  84 181 170
 212 176 207 154  37  74 216 178  76  89  99  99 174 210 166 218 219  45
  89  84 170 180 214  41  83 110  56 197 137 149  65  13  18  78 182 178
 199  59  85 229 188  81 103 151  97  18] [52]
--- 78 packets received with 76 error(s) ---
[SYNC] New preamble detected @ 549751 (CFO -2182.71 Hz, STO 7)
[SYNC] Estimated SNR: 24.71 dB (1024 samples)
[MAC] Error in CRC, packet dropped [ 94 243  78 229 154  78 235 151  60 121 199 110 123  42 189 221  36  61
 231  94  92 249 157 104 243 159 123 182  76 113 230 205 249 231 189 245
 236 188 215 215 172 211 174 181 250 174 187 215  46 249 222 158 241 218
 154 253 214  61 239 202 188 251 201 153 243 207  97 167 117 113 215 157
 123 151  49 245 174  61 243 231 123 242 158 101 239 158 115 247 223 121
 199 223 123 239  89 119 133  93  83 186] [43]
--- 79 packets received with 77 error(s) ---
[SYNC] New preamble detected @ 556798 (CFO -4178.91 Hz, STO 6)
[SYNC] Estimated SNR: 24.88 dB (2048 samples)
[MAC] Error in CRC, packet dropped [ 93  59 174 121 155 110 221 173  53 221 106  93 211 118 221 183 167 154
 122 213 107 117  54 219 238 205 219 175 121 251  22 109 214 239 173 181
  58 146 215  90  85 118 169 181 150  77 215 170  43 118 237 106 215  92
 211 181 172 179 214 217 251 110  57 215 235 182 197 171 118 187  42  86
 238 212 181 174  52 217 235 124 211 109 182 162 140  86 219 205 113 174
 183  91 203 236 211 174  58 212 203  90] [228]
--- 80 packets received with 78 error(s) ---
[SYNC] New preamble detected @ 563844 (CFO -1260.65 Hz, STO 4)
[SYNC] Estimated SNR: 24.94 dB (2048 samples)
[MAC] Error in CRC, packet dropped [ 92  57 167  92 153 102 174 181  51  77  98  77  91 114 172 187 149 219
  90 205 107 117  36  75 214 237  91 166  44 187  22  68 212 117 170 181
 170 218 213  74  81  54 171  81 150 106 231 170  57  50 109  73  83 109
 186 149 188 147  86 205 105 118  56 203 235 150  68 169 118 153   9  86
 218 206 181 170  52 149 203  42  83  45 182 179 140  86 219 173  49 155
 110  81 203 108 211 170  43  18  79 106] [102]
--- 81 packets received with 79 error(s) ---
[SYNC] New preamble detected @ 570895 (CFO -1231.09 Hz, STO 7)
[SYNC] Estimated SNR: 24.66 dB (1024 samples)
[MAC] Error in CRC, packet dropped [ 92  57 167  92 155 110 174 161  35  29  98  77  91 118 188 179 149 219
  90 197 107 117  36  75 198 237  91 166  40 187  22  68 212 117 172 181
 170  82 213  74  81  54 171 113 150 106 239 170  41  50 109  73  83  77
 154 213 188 147  86 205 105 118  40  75 235 150  70 169 118 153   9  86
 218 214 181 170  52 149 203  42  82  45 174 162 140  86 219 173  49  27
 111  85  67 108 211 171  43  18 207  42] [102]
--- 82 packets received with 80 error(s) ---
[SYNC] New preamble detected @ 577943 (CFO 1981.17 Hz, STO 7)
[SYNC] Estimated SNR: 22.86 dB (2048 samples)
[MAC] Error in CRC, packet dropped [ 94 224 255 249 227 255 242  59   7   8  49  15 253 193 252 233 135 247
 255  98  24  51 139  30  49 131 248 211   2 251 215 254  28  97 198  33
 159  31 249 186  62 240 239 201 243 207 202  35  23  63 241   6  61 246
   4 240 111 223 247  98  24  43 143  60  33  60  48 254 199 156  71 199
 152  70  62 108  71  60  97 247 142 240 204 145 243 207 150  95 103 120
  81  63 213 229 156 145 227 184 126 223] [176]
--- 83 packets received with 81 error(s) ---
[SYNC] New preamble detected @ 584987 (CFO 2035.75 Hz, STO 3)
[SYNC] Estimated SNR: 23.62 dB (4096 samples)
[MAC] Error in CRC, packet dropped [ 36 150  88 113  38 125 225 252  24  99 232  32 230  15 247 254  63 240
 195 176 113 199 184 193 140 127 230 199  39 238  95  96 243  47  96 195
   8 239 204 240 199 231  30  97  30  62  97  56 185 227  40 161 230 158
 119 131 126 207 135  94 241 204  56 193   8 126 231 142  38 239 156  60
 242  25 195  31 217 243  15 156  71 143 148 223 158 113 226 121  57 226
 121  35 207  60 245 191  60 243 206  49] [210]
--- 84 packets received with 82 error(s) ---
[SYNC] New preamble detected @ 592032 (CFO 7141.11 Hz, STO 0)
[SYNC] Estimated SNR: 24.14 dB (2048 samples)
[MAC] Error in CRC, packet dropped [ 36 130   8  97 130  24 225   4  50  65   4  16 193   4  33 131   8  97
 194   8  33 130   8   0   6   0  99   4  48 195   4  25  67  32 121 243
  76  97 134  12  32 135  40  16 133   2  89   4 184 105   4  25 197   6
  32 178   8  96 150  72  50 135   8  59  68  48  99 102  48 199  10   4
 144 136 112 130  72 112 130  12  33 136 182 193 134  24 211  12  48 115
   9  16 130  12 101 139  12 115   2   8] [211]
--- 85 packets received with 83 error(s) ---
[SYNC] New preamble detected @ 599081 (CFO -5231.18 Hz, STO 1)
[SYNC] Estimated SNR: 24.13 dB (2048 samples)
[MAC] Error in CRC, packet dropped [215 249 191 251 107 187 255 253 231 253 191 238 254 217 111 253 242 239
 125 183 221 253 214 221 186 214 222 253 107 221 231 103 187 115 183  61
 122 255 173 247 255 169 235 175 251 107 174 255 239 189 251  87 187 123
 215 189 247 159 125 207 159 187 229 189 186 231 247  93 239 125 245 247
  95 243 239 125 255 237 119 231 223 121 219  87 251 223  94 255 223 125
 109 223 119 255 207 117 226 207 126 247] [55]
--- 86 packets received with 84 error(s) ---
[SYNC] New preamble detected @ 606131 (CFO 6113.91 Hz, STO 3)
[SYNC] Estimated SNR: 24.28 dB (512 samples)
[MAC] Error in CRC, packet dropped [132  73   5  16  65   4  36   0  22  44 129   2  40 130  12  40   3   0
  81   2   0 209 133  85  81 128  24 144  11  24 145   6 152 166  16 177
  35  20  32  38  20  33   5   8 161   4  44 160   6  16 161  10  16 160
  20  49   3   8  49   2  24  48 132  29 177  72  32  66  10  34  65  38
   1  68   8   1  71  13  97  66  44  70   9  16  65   4  16  65   6  19
  69  10  88  68  12  81  71   8  97  74] [0]
--- 87 packets received with 85 error(s) ---
[SYNC] New preamble detected @ 613180 (CFO 12415.25 Hz, STO 4)
[SYNC] Estimated SNR: 24.48 dB (1024 samples)
[MAC] Error in CRC, packet dropped [132   0  33   0   1   0   4   0  70   8   1  66   8   0  68   8   3   0
  16   2 130  16   1   4  16   0   8  16  66  24  17  68  16  32   0   0
  33   4  32  34   4  32   1   8  33   4   8  32  70  20  33   2  16  32
   4  16   1   8  48   2   8  32   4  24  32  65   4  64   2   0  65   4
   0  64 136   8  66   8   0  66   8   0   1  20   1   5  16  64   4  16
  65  10  16  64 136  16  66   0  32   2] [4]
--- 88 packets received with 86 error(s) ---
[SYNC] New preamble detected @ 620227 (CFO -1205.82 Hz, STO 3)
[SYNC] Estimated SNR: 24.45 dB (1024 samples)
[MAC] Error in CRC, packet dropped [220 135 113  67  13 117 196 187  58 107 182  54 136 150 237 137  23  71
  21 101 106 214  45 108 179 175 154 145  42 154  19 108 249 237 214  85
  51  85  42 182  84 162 197  91  33  69 174 175  62  86  39  90 212 162
  93 181  79  91  37  78 218 242  45  92 179 224 162 218 154 169 219  22
 185  84 106  45  87  45 170 214 172 214 201 171  69  13 182 219 110  51
  85 127  85 197 173 209  71  19 173  82] [178]
--- 89 packets received with 87 error(s) ---
[SYNC] New preamble detected @ 627274 (CFO -1179.32 Hz, STO 2)
[SYNC] Estimated SNR: 24.42 dB (2048 samples)
[MAC] Error in CRC, packet dropped [169 220  26 251 210  40 237  18 237 174  42 212 217 168  93 211 102  97
 166  85 181  87  77 171  82 208 189 166 156 179 162  75 178 184 165  91
  85  41  83 157  41 108 138 219  98 136 254 166 157  35  90 171 105  69
 165  84 222 145  98 149  61 102 205  58 230 186 104 149 109 150 163 109
 147  77  84 205  69  86 242 173  88 221  91 170 211   9 182 215 108  46
 235  85 250 201  21 242 207  38 203 181] [40]
--- 90 packets received with 88 error(s) ---
[SYNC] New preamble detected @ 634321 (CFO 8615.72 Hz, STO 1)
[SYNC] Estimated SNR: 24.80 dB (2048 samples)
[MAC] Error in CRC, packet dropped [ 12  16 130   8  16 130  12  48   0   8  32 128  24  33  12  24  33   0
   0  65  12  16  65  12  16  66   4  32   0   0  97   2  24   1 132   8
  64 128  16 129  12  48 194   8  32 130   4  48 134  16  96 130  24  96
 132  24 192   0  32 193  12  56 192   8  48   2   8   1 132  24  33 132
  24  33   4   8  97   4  48 131  12   0  67   8  32 128  16 193   6   0
  99   4  24  97   4  48  67   4  32 131] [12]
--- 91 packets received with 89 error(s) ---
[SYNC] New preamble detected @ 641370 (CFO 2278.58 Hz, STO 2)
[SYNC] Estimated SNR: 24.86 dB (2048 samples)
[MAC] Error in CRC, packet dropped 