---------------------------------------------------------------
LimeSuite Source (RX) info

##################
Connecting to device
##################
LimeSuite version: 22.09.1-myriadrf1~ubuntu20.04
gr-limesdr version: v1.0-compat-xxx-xunknown
##################
Device list:
Nr.:0 device:LimeSDR Mini, media=USB 3.0, module=FT601, addr=24607:1027, serial=1D7505D2B85BDA
##################
INFO: device_handler::open_device(): no serial number. Using first device in the list.
Use "LimeUtil --find" in terminal to find prefered device serial.
Using device: LimeSDR-Mini(1D7505D2B85BDA) GW: 1.29 FW: 6
##################

INFO: device_handler::enable_channels(): SISO CH0 set for device number 0.
INFO: device_handler::set_samp_rate(): set sampling rate: 0.4 MS/s.
INFO: device_handler::set_rf_freq(): RF frequency set [RX]: 876 MHz.
INFO: device_handler::set_analog_filter(): INFO: device_handler::set_digital_filter(): digital filter CH0 [RX]: 0.4 MHz.
INFO: device_handler::set_gain(): 
Clearing running sum before changing gain 
Actual : Short = 0 /  Long = 0
Clear : Short = 0 /  Long = 0
Set gain [RX] CH0: 60 dB.
Running : Short = 0 /  Long = 0
INFO: device_handler::set_antenna(): CH0 antenna set [RX]: LNAW.
INFO: device_handler::calibrate(): INFO: device_handler::set_dspcfg_preamble(): INFO: source_impl::init_stream(): source channel 0 (device nr. 0) stream setup done.
Press Enter to quit: [SYNC] New preamble detected @ 6 (CFO 0.00 Hz, STO 6)
[SYNC] Estimated SNR: -1.93 dB (2048 samples)
[MAC] Error in CRC, packet dropped [110 146 127 109 224  97 189 244 220  40 115 178 140 161  86 240  79  18
 156 147  99 177 132  43 118 144 140 161 239 195 206  85 130 116  10 174
  50  51  51 114 155  74 171 103 249 192 143 217 242  13 255  20 145 251
  78 220 224  42  85  57 245  87  96  88 243  96 107 139  23  58   5  63
 141 159 128 131  71 150 251 189  15  11 233  79  83 145 201 249  89 233
 144  32 224 127 139  24  58  41 135 118] [118]
--- 1 packets received with 1 error(s) ---
[SYNC] New preamble detected @ 7053 (CFO 9109.29 Hz, STO 5)
[SYNC] Estimated SNR: 18.22 dB (1024 samples)
[MAC] Packet demodulated:  [ 0  1  2  3  4  5  6  7  8  9 10 11 12 13 14 15 16 17 18 19 20 21 22 23
 24 25 26 27 28 29 30 31 32 33 34 35 36 37 38 39 40 41 42 43 44 45 46 47
 48 49 50 51 52 53 54 55 56 57 58 59 60 61 62 63 64 65 66 67 68 69 70 71
 72 73 74 75 76 77 78 79 80 81 82 83 84 85 86 87 88 89 90 91 92 93 94 95
 96 97 98 99] [195]
--- 2 packets received with 1 error(s) ---
[SYNC] New preamble detected @ 14096 (CFO 9588.38 Hz, STO 0)
[SYNC] Estimated SNR: 18.92 dB (2048 samples)
[MAC] Packet demodulated:  [ 0  1  2  3  4  5  6  7  8  9 10 11 12 13 14 15 16 17 18 19 20 21 22 23
 24 25 26 27 28 29 30 31 32 33 34 35 36 37 38 39 40 41 42 43 44 45 46 47
 48 49 50 51 52 53 54 55 56 57 58 59 60 61 62 63 64 65 66 67 68 69 70 71
 72 73 74 75 76 77 78 79 80 81 82 83 84 85 86 87 88 89 90 91 92 93 94 95
 96 97 98 99] [195]
--- 3 packets received with 1 error(s) ---
[SYNC] New preamble detected @ 21150 (CFO 9405.98 Hz, STO 6)
[SYNC] Estimated SNR: 15.90 dB (512 samples)
[MAC] Packet demodulated:  [ 0  1  2  3  4  5  6  7  8  9 10 11 12 13 14 15 16 17 18 19 20 21 22 23
 24 25 26 27 28 29 30 31 32 33 34 35 36 37 38 39 40 41 42 43 44 45 46 47
 48 49 50 51 52 53 54 55 56 57 58 59 60 61 62 63 64 65 66 67 68 69 70 71
 72 73 74 75 76 77 78 79 80 81 82 83 84 85 86 87 88 89 90 91 92 93 94 95
 96 97 98 99] [195]
--- 4 packets received with 1 error(s) ---
[SYNC] New preamble detected @ 28198 (CFO 9704.86 Hz, STO 6)
[SYNC] Estimated SNR: 18.15 dB (4096 samples)
[MAC] Packet demodulated:  [ 0  1  2  3  4  5  6  7  8  9 10 11 12 13 14 15 16 17 18 19 20 21 22 23
 24 25 26 27 28 29 30 31 32 33 34 35 36 37 38 39 40 41 42 43 44 45 46 47
 48 49 50 51 52 53 54 55 56 57 58 59 60 61 62 63 64 65 66 67 68 69 70 71
 72 73 74 75 76 77 78 79 80 81 82 83 84 85 86 87 88 89 90 91 92 93 94 95
 96 97 98 99] [195]
--- 5 packets received with 1 error(s) ---
[SYNC] New preamble detected @ 35242 (CFO 9337.88 Hz, STO 2)
[SYNC] Estimated SNR: 19.12 dB (2048 samples)
[MAC] Packet demodulated:  [ 0  1  2  3  4  5  6  7  8  9 10 11 12 13 14 15 16 17 18 19 20 21 22 23
 24 25 26 27 28 29 30 31 32 33 34 35 36 37 38 39 40 41 42 43 44 45 46 47
 48 49 50 51 52 53 54 55 56 57 58 59 60 61 62 63 64 65 66 67 68 69 70 71
 72 73 74 75 76 77 78 79 80 81 82 83 84 85 86 87 88 89 90 91 92 93 94 95
 96 97 98 99] [195]
--- 6 packets received with 1 error(s) ---
[SYNC] New preamble detected @ 42289 (CFO 7687.56 Hz, STO 1)
[SYNC] Estimated SNR: 18.76 dB (4096 samples)
[MAC] Packet demodulated:  [ 0  1  2  3  4  5  6  7  8  9 10 11 12 13 14 15 16 17 18 19 20 21 22 23
 24 25 26 27 28 29 30 31 32 33 34 35 36 37 38 39 40 41 42 43 44 45 46 47
 48 49 50 51 52 53 54 55 56 57 58 59 60 61 62 63 64 65 66 67 68 69 70 71
 72 73 74 75 76 77 78 79 80 81 82 83 84 85 86 87 88 89 90 91 92 93 94 95
 96 97 98 99] [195]
--- 7 packets received with 1 error(s) ---
[SYNC] New preamble detected @ 49336 (CFO 9836.16 Hz, STO 0)
[SYNC] Estimated SNR: 18.29 dB (2048 samples)
[MAC] Packet demodulated:  [ 0  1  2  3  4  5  6  7  8  9 10 11 12 13 14 15 16 17 18 19 20 21 22 23
 24 25 26 27 28 29 30 31 32 33 34 35 36 37 38 39 40 41 42 43 44 45 46 47
 48 49 50 51 52 53 54 55 56 57 58 59 60 61 62 63 64 65 66 67 68 69 70 71
 72 73 74 75 76 77 78 79 80 81 82 83 84 85 86 87 88 89 90 91 92 93 94 95
 96 97 98 99] [195]
--- 8 packets received with 1 error(s) ---
[SYNC] New preamble detected @ 56386 (CFO 9747.45 Hz, STO 2)
[SYNC] Estimated SNR: 17.15 dB (2048 samples)
[MAC] Packet demodulated:  [ 0  1  2  3  4  5  6  7  8  9 10 11 12 13 14 15 16 17 18 19 20 21 22 23
 24 25 26 27 28 29 30 31 32 33 34 35 36 37 38 39 40 41 42 43 44 45 46 47
 48 49 50 51 52 53 54 55 56 57 58 59 60 61 62 63 64 65 66 67 68 69 70 71
 72 73 74 75 76 77 78 79 80 81 82 83 84 85 86 87 88 89 90 91 92 93 94 95
 96 97 98 99] [195]
--- 9 packets received with 1 error(s) ---
[SYNC] New preamble detected @ 63432 (CFO 9514.76 Hz, STO 0)
[SYNC] Estimated SNR: 17.87 dB (2048 samples)
[MAC] Packet demodulated:  [ 0  1  2  3  4  5  6  7  8  9 10 11 12 13 14 15 16 17 18 19 20 21 22 23
 24 25 26 27 28 29 30 31 32 33 34 35 36 37 38 39 40 41 42 43 44 45 46 47
 48 49 50 51 52 53 54 55 56 57 58 59 60 61 62 63 64 65 66 67 68 69 70 71
 72 73 74 75 76 77 78 79 80 81 82 83 84 85 86 87 88 89 90 91 92 93 94 95
 96 97 98 99] [195]
--- 10 packets received with 1 error(s) ---
[SYNC] New preamble detected @ 70483 (CFO -11525.61 Hz, STO 3)
[SYNC] Estimated SNR: 18.44 dB (2048 samples)
[MAC] Error in CRC, packet dropped [255 255 255 255 255 255 255 255 255 255 255 255 255 255 255 255 255 255
 255 255 255 255 255 255 255 255 255 255 255 255 255 255 255 255 255 255
 255 255 255 255 255 255 255 255 255 255 255 255 255 255 255 255 255 255
 255 255 255 255 255 255 255 255 255 255 255 255 255 255 255 255 255 255
 255 255 255 255 255 255 255 255 255 255 255 255 255 255 255 255 255 255
 255 255 255 255 255 255 255 255 255 255] [255]
--- 11 packets received with 2 error(s) ---
[SYNC] New preamble detected @ 77534 (CFO 9257.61 Hz, STO 6)
[SYNC] Estimated SNR: 16.86 dB (2048 samples)
[MAC] Packet demodulated:  [ 0  1  2  3  4  5  6  7  8  9 10 11 12 13 14 15 16 17 18 19 20 21 22 23
 24 25 26 27 28 29 30 31 32 33 34 35 36 37 38 39 40 41 42 43 44 45 46 47
 48 49 50 51 52 53 54 55 56 57 58 59 60 61 62 63 64 65 66 67 68 69 70 71
 72 73 74 75 76 77 78 79 80 81 82 83 84 85 86 87 88 89 90 91 92 93 94 95
 96 97 98 99] [195]
--- 12 packets received with 2 error(s) ---
[SYNC] New preamble detected @ 84583 (CFO 9563.18 Hz, STO 7)
[SYNC] Estimated SNR: 14.91 dB (2048 samples)
[MAC] Packet demodulated:  [ 0  1  2  3  4  5  6  7  8  9 10 11 12 13 14 15 16 17 18 19 20 21 22 23
 24 25 26 27 28 29 30 31 32 33 34 35 36 37 38 39 40 41 42 43 44 45 46 47
 48 49 50 51 52 53 54 55 56 57 58 59 60 61 62 63 64 65 66 67 68 69 70 71
 72 73 74 75 76 77 78 79 80 81 82 83 84 85 86 87 88 89 90 91 92 93 94 95
 96 97 98 99] [195]
--- 13 packets received with 2 error(s) ---
[SYNC] New preamble detected @ 91629 (CFO 7518.12 Hz, STO 5)
[SYNC] Estimated SNR: 16.79 dB (4096 samples)
[MAC] Packet demodulated:  [ 0  1  2  3  4  5  6  7  8  9 10 11 12 13 14 15 16 17 18 19 20 21 22 23
 24 25 26 27 28 29 30 31 32 33 34 35 36 37 38 39 40 41 42 43 44 45 46 47
 48 49 50 51 52 53 54 55 56 57 58 59 60 61 62 63 64 65 66 67 68 69 70 71
 72 73 74 75 76 77 78 79 80 81 82 83 84 85 86 87 88 89 90 91 92 93 94 95
 96 97 98 99] [195]
--- 14 packets received with 2 error(s) ---
[SYNC] New preamble detected @ 98673 (CFO -8104.82 Hz, STO 1)
[SYNC] Estimated SNR: 16.97 dB (2048 samples)
[MAC] Error in CRC, packet dropped [255 255 255 255 255 255 255 255 255 255 255 255 255 255 255 255 255 255
 255 255 255 255 255 255 255 255 255 255 255 255 255 255 255 255 255 255
 255 255 255 255 255 255 255 255 255 255 255 255 255 255 255 255 255 255
 255 255 255 255 255 255 255 255 255 255 255 255 255 255 255 255 255 255
 255 255 255 255 255 255 255 255 255 255 255 255 255 255 255 255 255 255
 255 255 255 255 255 255 255 255 255 255] [255]
--- 15 packets received with 3 error(s) ---
[SYNC] New preamble detected @ 105725 (CFO 9293.33 Hz, STO 5)
[SYNC] Estimated SNR: 17.03 dB (2048 samples)
[MAC] Packet demodulated:  [ 0  1  2  3  4  5  6  7  8  9 10 11 12 13 14 15 16 17 18 19 20 21 22 23
 24 25 26 27 28 29 30 31 32 33 34 35 36 37 38 39 40 41 42 43 44 45 46 47
 48 49 50 51 52 53 54 55 56 57 58 59 60 61 62 63 64 65 66 67 68 69 70 71
 72 73 74 75 76 77 78 79 80 81 82 83 84 85 86 87 88 89 90 91 92 93 94 95
 96 97 98 99] [195]
--- 16 packets received with 3 error(s) ---
[SYNC] New preamble detected @ 112771 (CFO 9669.31 Hz, STO 3)
[SYNC] Estimated SNR: 16.16 dB (2048 samples)
[MAC] Packet demodulated:  [ 0  1  2  3  4  5  6  7  8  9 10 11 12 13 14 15 16 17 18 19 20 21 22 23
 24 25 26 27 28 29 30 31 32 33 34 35 36 37 38 39 40 41 42 43 44 45 46 47
 48 49 50 51 52 53 54 55 56 57 58 59 60 61 62 63 64 65 66 67 68 69 70 71
 72 73 74 75 76 77 78 79 80 81 82 83 84 85 86 87 88 89 90 91 92 93 94 95
 96 97 98 99] [195]
--- 17 packets received with 3 error(s) ---
[SYNC] New preamble detected @ 119817 (CFO 9543.89 Hz, STO 1)
[SYNC] Estimated SNR: 17.24 dB (2048 samples)
[MAC] Packet demodulated:  [ 0  1  2  3  4  5  6  7  8  9 10 11 12 13 14 15 16 17 18 19 20 21 22 23
 24 25 26 27 28 29 30 31 32 33 34 35 36 37 38 39 40 41 42 43 44 45 46 47
 48 49 50 51 52 53 54 55 56 57 58 59 60 61 62 63 64 65 66 67 68 69 70 71
 72 73 74 75 76 77 78 79 80 81 82 83 84 85 86 87 88 89 90 91 92 93 94 95
 96 97 98 99] [195]
--- 18 packets received with 3 error(s) ---
[SYNC] New preamble detected @ 126871 (CFO 10573.80 Hz, STO 7)
[SYNC] Estimated SNR: 16.11 dB (2048 samples)
[MAC] Packet demodulated:  [ 0  1  2  3  4  5  6  7  8  9 10 11 12 13 14 15 16 17 18 19 20 21 22 23
 24 25 26 27 28 29 30 31 32 33 34 35 36 37 38 39 40 41 42 43 44 45 46 47
 48 49 50 51 52 53 54 55 56 57 58 59 60 61 62 63 64 65 66 67 68 69 70 71
 72 73 74 75 76 77 78 79 80 81 82 83 84 85 86 87 88 89 90 91 92 93 94 95
 96 97 98 99] [195]
--- 19 packets received with 3 error(s) ---
[SYNC] New preamble detected @ 133917 (CFO -4465.72 Hz, STO 5)
[SYNC] Estimated SNR: 17.61 dB (2048 samples)
[MAC] Error in CRC, packet dropped [255 255 255 255 253 255 238 247 255 254 255 253 189 235 238 251 255 255
 255 127 247 219 255 223 255 255 255 255 253 255 239 127 255 127 255 255
 253 255 255 187 253 255 255 247 252 191 191 255 253 255 189 255 255 219
 221 215 223 255 221 239 255 251 239 255 255 255 253 239 245 239 253 255
  95 251 223 253 253 235 127 245 255 255 255 255 253 123 207 223 255 253
 255 255 253 127 239 127 247 255 255 255] [255]
--- 20 packets received with 4 error(s) ---
[SYNC] New preamble detected @ 140960 (CFO 9499.50 Hz, STO 0)
[SYNC] Estimated SNR: 16.29 dB (2048 samples)
[MAC] Packet demodulated:  [ 0  1  2  3  4  5  6  7  8  9 10 11 12 13 14 15 16 17 18 19 20 21 22 23
 24 25 26 27 28 29 30 31 32 33 34 35 36 37 38 39 40 41 42 43 44 45 46 47
 48 49 50 51 52 53 54 55 56 57 58 59 60 61 62 63 64 65 66 67 68 69 70 71
 72 73 74 75 76 77 78 79 80 81 82 83 84 85 86 87 88 89 90 91 92 93 94 95
 96 97 98 99] [195]
--- 21 packets received with 4 error(s) ---
[SYNC] New preamble detected @ 148012 (CFO 5473.45 Hz, STO 4)
[SYNC] Estimated SNR: 15.80 dB (2048 samples)
[MAC] Packet demodulated:  [ 0  1  2  3  4  5  6  7  8  9 10 11 12 13 14 15 16 17 18 19 20 21 22 23
 24 25 26 27 28 29 30 31 32 33 34 35 36 37 38 39 40 41 42 43 44 45 46 47
 48 49 50 51 52 53 54 55 56 57 58 59 60 61 62 63 64 65 66 67 68 69 70 71
 72 73 74 75 76 77 78 79 80 81 82 83 84 85 86 87 88 89 90 91 92 93 94 95
 96 97 98 99] [195]
--- 22 packets received with 4 error(s) ---
[SYNC] New preamble detected @ 155057 (CFO 9460.17 Hz, STO 1)
[SYNC] Estimated SNR: 16.59 dB (512 samples)
[MAC] Packet demodulated:  [ 0  1  2  3  4  5  6  7  8  9 10 11 12 13 14 15 16 17 18 19 20 21 22 23
 24 25 26 27 28 29 30 31 32 33 34 35 36 37 38 39 40 41 42 43 44 45 46 47
 48 49 50 51 52 53 54 55 56 57 58 59 60 61 62 63 64 65 66 67 68 69 70 71
 72 73 74 75 76 77 78 79 80 81 82 83 84 85 86 87 88 89 90 91 92 93 94 95
 96 97 98 99] [195]
--- 23 packets received with 4 error(s) ---
[SYNC] New preamble detected @ 162109 (CFO 9247.03 Hz, STO 5)
[SYNC] Estimated SNR: 15.91 dB (2048 samples)
[MAC] Packet demodulated:  [ 0  1  2  3  4  5  6  7  8  9 10 11 12 13 14 15 16 17 18 19 20 21 22 23
 24 25 26 27 28 29 30 31 32 33 34 35 36 37 38 39 40 41 42 43 44 45 46 47
 48 49 50 51 52 53 54 55 56 57 58 59 60 61 62 63 64 65 66 67 68 69 70 71
 72 73 74 75 76 77 78 79 80 81 82 83 84 85 86 87 88 89 90 91 92 93 94 95
 96 97 98 99] [195]
--- 24 packets received with 4 error(s) ---
[SYNC] New preamble detected @ 169159 (CFO 5946.22 Hz, STO 7)
[SYNC] Estimated SNR: 14.94 dB (2048 samples)
[MAC] Packet demodulated:  [ 0  1  2  3  4  5  6  7  8  9 10 11 12 13 14 15 16 17 18 19 20 21 22 23
 24 25 26 27 28 29 30 31 32 33 34 35 36 37 38 39 40 41 42 43 44 45 46 47
 48 49 50 51 52 53 54 55 56 57 58 59 60 61 62 63 64 65 66 67 68 69 70 71
 72 73 74 75 76 77 78 79 80 81 82 83 84 85 86 87 88 89 90 91 92 93 94 95
 96 97 98 99] [195]
--- 25 packets received with 4 error(s) ---
[SYNC] New preamble detected @ 176204 (CFO 9423.13 Hz, STO 4)
[SYNC] Estimated SNR: 16.46 dB (512 samples)
[MAC] Packet demodulated:  [ 0  1  2  3  4  5  6  7  8  9 10 11 12 13 14 15 16 17 18 19 20 21 22 23
 24 25 26 27 28 29 30 31 32 33 34 35 36 37 38 39 40 41 42 43 44 45 46 47
 48 49 50 51 52 53 54 55 56 57 58 59 60 61 62 63 64 65 66 67 68 69 70 71
 72 73 74 75 76 77 78 79 80 81 82 83 84 85 86 87 88 89 90 91 92 93 94 95
 96 97 98 99] [195]
--- 26 packets received with 4 error(s) ---
[SYNC] New preamble detected @ 183253 (CFO 8925.31 Hz, STO 5)
[SYNC] Estimated SNR: 15.56 dB (512 samples)
[MAC] Packet demodulated:  [ 0  1  2  3  4  5  6  7  8  9 10 11 12 13 14 15 16 17 18 19 20 21 22 23
 24 25 26 27 28 29 30 31 32 33 34 35 36 37 38 39 40 41 42 43 44 45 46 47
 48 49 50 51 52 53 54 55 56 57 58 59 60 61 62 63 64 65 66 67 68 69 70 71
 72 73 74 75 76 77 78 79 80 81 82 83 84 85 86 87 88 89 90 91 92 93 94 95
 96 97 98 99] [195]
--- 27 packets received with 4 error(s) ---
[SYNC] New preamble detected @ 190302 (CFO -604.36 Hz, STO 6)
[SYNC] Estimated SNR: 15.48 dB (2048 samples)
[MAC] Error in CRC, packet dropped [  4   9  18   3   4   5  14   7   8   9  10  27  28  13  30  47  18  17
  18  19  20  21  54  23  56  25  58  91  29  29  30  31  32  33  34  35
  36  37  38  39  40 169  42 171 108  45 110  47  48  49  50  51  53  53
  54  55  56  57  58  59  61  61  62  63  64  73  66  67  68  69  71  71
  72  73 122  75  76  93  78  79  80  81  82  83  84  85  86  87  90  91
  90  91  92  93  94  95  97 225  98  99] [195]
--- 28 packets received with 5 error(s) ---
[SYNC] New preamble detected @ 197346 (CFO -6595.25 Hz, STO 2)
[SYNC] Estimated SNR: 15.60 dB (4096 samples)
[MAC] Error in CRC, packet dropped [255 255 255 255 255 255 255 223 255 255 255 255 255 255 253 255 255 255
 255 255 255 255 255 255 255 255 255 255 255 255 255 255 255 255 255 255
 255 254 255 255 255 191 191 255 255 255 255 255 255 255 255 255 255 255
 255 255 255 255 255 255 255 255 255 255 255 255 255 253 253 255 255 255
 255 255 255 255 255 255 255 255 255 255 255 255 255 255 255 255 255 255
 247 255 255 253 255 255 255 247 255 255] [255]
--- 29 packets received with 6 error(s) ---
[SYNC] New preamble detected @ 204396 (CFO 9303.81 Hz, STO 4)
[SYNC] Estimated SNR: 18.28 dB (2048 samples)
[MAC] Packet demodulated:  [ 0  1  2  3  4  5  6  7  8  9 10 11 12 13 14 15 16 17 18 19 20 21 22 23
 24 25 26 27 28 29 30 31 32 33 34 35 36 37 38 39 40 41 42 43 44 45 46 47
 48 49 50 51 52 53 54 55 56 57 58 59 60 61 62 63 64 65 66 67 68 69 70 71
 72 73 74 75 76 77 78 79 80 81 82 83 84 85 86 87 88 89 90 91 92 93 94 95
 96 97 98 99] [195]
--- 30 packets received with 6 error(s) ---
[SYNC] New preamble detected @ 211445 (CFO 9692.72 Hz, STO 5)
[SYNC] Estimated SNR: 17.86 dB (1024 samples)
[MAC] Packet demodulated:  [ 0  1  2  3  4  5  6  7  8  9 10 11 12 13 14 15 16 17 18 19 20 21 22 23
 24 25 26 27 28 29 30 31 32 33 34 35 36 37 38 39 40 41 42 43 44 45 46 47
 48 49 50 51 52 53 54 55 56 57 58 59 60 61 62 63 64 65 66 67 68 69 70 71
 72 73 74 75 76 77 78 79 80 81 82 83 84 85 86 87 88 89 90 91 92 93 94 95
 96 97 98 99] [195]
--- 31 packets received with 6 error(s) ---
[SYNC] New preamble detected @ 218492 (CFO -11887.18 Hz, STO 4)
[SYNC] Estimated SNR: 15.06 dB (2048 samples)
[MAC] Error in CRC, packet dropped [255 255 255 255 255 255 255 255 255 255 255 255 255 255 255 255 255 255
 255 255 255 255 255 255 255 255 255 255 255 255 255 255 255 255 255 255
 255 255 255 255 255 255 255 255 255 255 255 255 255 255 255 255 255 255
 255 255 255 255 255 255 255 255 255 255 255 255 255 255 255 255 255 255
 255 255 255 255 255 255 255 255 255 255 255 255 255 255 255 255 255 255
 255 255 255 255 255 255 255 255 255 255] [255]
--- 32 packets received with 7 error(s) ---
[SYNC] New preamble detected @ 225537 (CFO 9241.16 Hz, STO 1)
[SYNC] Estimated SNR: 16.06 dB (1024 samples)
[MAC] Packet demodulated:  [ 0  1  2  3  4  5  6  7  8  9 10 11 12 13 14 15 16 17 18 19 20 21 22 23
 24 25 26 27 28 29 30 31 32 33 34 35 36 37 38 39 40 41 42 43 44 45 46 47
 48 49 50 51 52 53 54 55 56 57 58 59 60 61 62 63 64 65 66 67 68 69 70 71
 72 73 74 75 76 77 78 79 80 81 82 83 84 85 86 87 88 89 90 91 92 93 94 95
 96 97 98 99] [195]
--- 33 packets received with 7 error(s) ---
[SYNC] New preamble detected @ 232589 (CFO 9636.33 Hz, STO 5)
[SYNC] Estimated SNR: 14.78 dB (1024 samples)
[MAC] Packet demodulated:  [ 0  1  2  3  4  5  6  7  8  9 10 11 12 13 14 15 16 17 18 19 20 21 22 23
 24 25 26 27 28 29 30 31 32 33 34 35 36 37 38 39 40 41 42 43 44 45 46 47
 48 49 50 51 52 53 54 55 56 57 58 59 60 61 62 63 64 65 66 67 68 69 70 71
 72 73 74 75 76 77 78 79 80 81 82 83 84 85 86 87 88 89 90 91 92 93 94 95
 96 97 98 99] [195]
--- 34 packets received with 7 error(s) ---
[SYNC] New preamble detected @ 239635 (CFO -9423.13 Hz, STO 3)
[SYNC] Estimated SNR: 17.26 dB (2048 samples)
[MAC] Error in CRC, packet dropped [255 255 255 255 255 255 255 255 255 255 255 255 255 255 255 255 255 255
 255 255 255 255 255 255 255 255 255 255 255 255 255 255 255 255 255 255
 255 255 255 255 255 255 255 255 255 255 255 255 255 255 255 255 255 255
 255 255 255 255 255 255 255 255 255 255 255 255 255 255 255 255 255 255
 255 255 255 255 255 255 255 255 255 255 255 255 255 255 255 255 255 255
 255 255 255 255 255 255 255 255 255 255] [255]
--- 35 packets received with 8 error(s) ---
[SYNC] New preamble detected @ 246682 (CFO 10376.94 Hz, STO 2)
[SYNC] Estimated SNR: 16.49 dB (2048 samples)
[MAC] Packet demodulated:  [ 0  1  2  3  4  5  6  7  8  9 10 11 12 13 14 15 16 17 18 19 20 21 22 23
 24 25 26 27 28 29 30 31 32 33 34 35 36 37 38 39 40 41 42 43 44 45 46 47
 48 49 50 51 52 53 54 55 56 57 58 59 60 61 62 63 64 65 66 67 68 69 70 71
 72 73 74 75 76 77 78 79 80 81 82 83 84 85 86 87 88 89 90 91 92 93 94 95
 96 97 98 99] [195]
--- 36 packets received with 8 error(s) ---
[SYNC] New preamble detected @ 253730 (CFO 9580.46 Hz, STO 2)
[SYNC] Estimated SNR: 16.52 dB (1024 samples)
[MAC] Packet demodulated:  [ 0  1  2  3  4  5  6  7  8  9 10 11 12 13 14 15 16 17 18 19 20 21 22 23
 24 25 26 27 28 29 30 31 32 33 34 35 36 37 38 39 40 41 42 43 44 45 46 47
 48 49 50 51 52 53 54 55 56 57 58 59 60 61 62 63 64 65 66 67 68 69 70 71
 72 73 74 75 76 77 78 79 80 81 82 83 84 85 86 87 88 89 90 91 92 93 94 95
 96 97 98 99] [195]
--- 37 packets received with 8 error(s) ---
[SYNC] New preamble detected @ 260780 (CFO 9720.01 Hz, STO 4)
[SYNC] Estimated SNR: 16.49 dB (2048 samples)
[MAC] Packet demodulated:  [ 0  1  2  3  4  5  6  7  8  9 10 11 12 13 14 15 16 17 18 19 20 21 22 23
 24 25 26 27 28 29 30 31 32 33 34 35 36 37 38 39 40 41 42 43 44 45 46 47
 48 49 50 51 52 53 54 55 56 57 58 59 60 61 62 63 64 65 66 67 68 69 70 71
 72 73 74 75 76 77 78 79 80 81 82 83 84 85 86 87 88 89 90 91 92 93 94 95
 96 97 98 99] [195]
--- 38 packets received with 8 error(s) ---
[SYNC] New preamble detected @ 267827 (CFO 9282.59 Hz, STO 3)
[SYNC] Estimated SNR: 16.69 dB (2048 samples)
[MAC] Packet demodulated:  [ 0  1  2  3  4  5  6  7  8  9 10 11 12 13 14 15 16 17 18 19 20 21 22 23
 24 25 26 27 28 29 30 31 32 33 34 35 36 37 38 39 40 41 42 43 44 45 46 47
 48 49 50 51 52 53 54 55 56 57 58 59 60 61 62 63 64 65 66 67 68 69 70 71
 72 73 74 75 76 77 78 79 80 81 82 83 84 85 86 87 88 89 90 91 92 93 94 95
 96 97 98 99] [195]
--- 39 packets received with 8 error(s) ---
[SYNC] New preamble detected @ 274876 (CFO 9562.19 Hz, STO 4)
[SYNC] Estimated SNR: 16.64 dB (2048 samples)
[MAC] Packet demodulated:  [ 0  1  2  3  4  5  6  7  8  9 10 11 12 13 14 15 16 17 18 19 20 21 22 23
 24 25 26 27 28 29 30 31 32 33 34 35 36 37 38 39 40 41 42 43 44 45 46 47
 48 49 50 51 52 53 54 55 56 57 58 59 60 61 62 63 64 65 66 67 68 69 70 71
 72 73 74 75 76 77 78 79 80 81 82 83 84 85 86 87 88 89 90 91 92 93 94 95
 96 97 98 99] [195]
--- 40 packets received with 8 error(s) ---
[SYNC] New preamble detected @ 281925 (CFO 7062.10 Hz, STO 5)
[SYNC] Estimated SNR: 16.55 dB (2048 samples)
[MAC] Packet demodulated:  [ 0  1  2  3  4  5  6  7  8  9 10 11 12 13 14 15 16 17 18 19 20 21 22 23
 24 25 26 27 28 29 30 31 32 33 34 35 36 37 38 39 40 41 42 43 44 45 46 47
 48 49 50 51 52 53 54 55 56 57 58 59 60 61 62 63 64 65 66 67 68 69 70 71
 72 73 74 75 76 77 78 79 80 81 82 83 84 85 86 87 88 89 90 91 92 93 94 95
 96 97 98 99] [195]
--- 41 packets received with 8 error(s) ---
[SYNC] New preamble detected @ 288971 (CFO 9695.71 Hz, STO 3)
[SYNC] Estimated SNR: 16.20 dB (1024 samples)
[MAC] Packet demodulated:  [ 0  1  2  3  4  5  6  7  8  9 10 11 12 13 14 15 16 17 18 19 20 21 22 23
 24 25 26 27 28 29 30 31 32 33 34 35 36 37 38 39 40 41 42 43 44 45 46 47
 48 49 50 51 52 53 54 55 56 57 58 59 60 61 62 63 64 65 66 67 68 69 70 71
 72 73 74 75 76 77 78 79 80 81 82 83 84 85 86 87 88 89 90 91 92 93 94 95
 96 97 98 99] [195]
--- 42 packets received with 8 error(s) ---
[SYNC] New preamble detected @ 296022 (CFO 9867.75 Hz, STO 6)
[SYNC] Estimated SNR: 15.87 dB (512 samples)
[MAC] Packet demodulated:  [ 0  1  2  3  4  5  6  7  8  9 10 11 12 13 14 15 16 17 18 19 20 21 22 23
 24 25 26 27 28 29 30 31 32 33 34 35 36 37 38 39 40 41 42 43 44 45 46 47
 48 49 50 51 52 53 54 55 56 57 58 59 60 61 62 63 64 65 66 67 68 69 70 71
 72 73 74 75 76 77 78 79 80 81 82 83 84 85 86 87 88 89 90 91 92 93 94 95
 96 97 98 99] [195]
--- 43 packets received with 8 error(s) ---
[SYNC] New preamble detected @ 303068 (CFO 8975.66 Hz, STO 4)
[SYNC] Estimated SNR: 16.03 dB (512 samples)
[MAC] Packet demodulated:  [ 0  1  2  3  4  5  6  7  8  9 10 11 12 13 14 15 16 17 18 19 20 21 22 23
 24 25 26 27 28 29 30 31 32 33 34 35 36 37 38 39 40 41 42 43 44 45 46 47
 48 49 50 51 52 53 54 55 56 57 58 59 60 61 62 63 64 65 66 67 68 69 70 71
 72 73 74 75 76 77 78 79 80 81 82 83 84 85 86 87 88 89 90 91 92 93 94 95
 96 97 98 99] [195]
--- 44 packets received with 8 error(s) ---
[SYNC] New preamble detected @ 310112 (CFO 10436.84 Hz, STO 0)
[SYNC] Estimated SNR: 15.96 dB (2048 samples)
[MAC] Packet demodulated:  [ 0  1  2  3  4  5  6  7  8  9 10 11 12 13 14 15 16 17 18 19 20 21 22 23
 24 25 26 27 28 29 30 31 32 33 34 35 36 37 38 39 40 41 42 43 44 45 46 47
 48 49 50 51 52 53 54 55 56 57 58 59 60 61 62 63 64 65 66 67 68 69 70 71
 72 73 74 75 76 77 78 79 80 81 82 83 84 85 86 87 88 89 90 91 92 93 94 95
 96 97 98 99] [195]
--- 45 packets received with 8 error(s) ---
[SYNC] New preamble detected @ 317165 (CFO -6246.64 Hz, STO 5)
[SYNC] Estimated SNR: 16.27 dB (2048 samples)
[MAC] Error in CRC, packet dropped [255 255 255 255 255 255 255 255 255 255 255 255 255 255 255 255 255 255
 255 255 255 255 255 255 255 255 255 255 255 255 255 255 255 255 255 255
 255 255 255 255 127 255 255 255 255 255 255 255 255 255 255 255 255 255
 255 255 255 255 127 255 255 255 255 255 255 255 255 255 255 255 255 255
 255 255 255 255 255 255 255 255 255 255 255 253 255 255 255 255 255 255
 255 255 127 255 255 255 255 255 191 255] [255]
--- 46 packets received with 9 error(s) ---
[SYNC] New preamble detected @ 324211 (CFO 9274.28 Hz, STO 3)
[SYNC] Estimated SNR: 16.05 dB (512 samples)
[MAC] Packet demodulated:  [ 0  1  2  3  4  5  6  7  8  9 10 11 12 13 14 15 16 17 18 19 20 21 22 23
 24 25 26 27 28 29 30 31 32 33 34 35 36 37 38 39 40 41 42 43 44 45 46 47
 48 49 50 51 52 53 54 55 56 57 58 59 60 61 62 63 64 65 66 67 68 69 70 71
 72 73 74 75 76 77 78 79 80 81 82 83 84 85 86 87 88 89 90 91 92 93 94 95
 96 97 98 99] [195]
--- 47 packets received with 9 error(s) ---
[SYNC] New preamble detected @ 331259 (CFO 9803.43 Hz, STO 3)
[SYNC] Estimated SNR: 15.92 dB (512 samples)
[MAC] Packet demodulated:  [ 0  1  2  3  4  5  6  7  8  9 10 11 12 13 14 15 16 17 18 19 20 21 22 23
 24 25 26 27 28 29 30 31 32 33 34 35 36 37 38 39 40 41 42 43 44 45 46 47
 48 49 50 51 52 53 54 55 56 57 58 59 60 61 62 63 64 65 66 67 68 69 70 71
 72 73 74 75 76 77 78 79 80 81 82 83 84 85 86 87 88 89 90 91 92 93 94 95
 96 97 98 99] [195]
--- 48 packets received with 9 error(s) ---
[SYNC] New preamble detected @ 338304 (CFO 9399.02 Hz, STO 0)
[SYNC] Estimated SNR: 16.13 dB (2048 samples)
[MAC] Packet demodulated:  [ 0  1  2  3  4  5  6  7  8  9 10 11 12 13 14 15 16 17 18 19 20 21 22 23
 24 25 26 27 28 29 30 31 32 33 34 35 36 37 38 39 40 41 42 43 44 45 46 47
 48 49 50 51 52 53 54 55 56 57 58 59 60 61 62 63 64 65 66 67 68 69 70 71
 72 73 74 75 76 77 78 79 80 81 82 83 84 85 86 87 88 89 90 91 92 93 94 95
 96 97 98 99] [195]
--- 49 packets received with 9 error(s) ---
[SYNC] New preamble detected @ 345357 (CFO 9312.93 Hz, STO 5)
[SYNC] Estimated SNR: 16.03 dB (1024 samples)
[MAC] Packet demodulated:  [ 0  1  2  3  4  5  6  7  8  9 10 11 12 13 14 15 16 17 18 19 20 21 22 23
 24 25 26 27 28 29 30 31 32 33 34 35 36 37 38 39 40 41 42 43 44 45 46 47
 48 49 50 51 52 53 54 55 56 57 58 59 60 61 62 63 64 65 66 67 68 69 70 71
 72 73 74 75 76 77 78 79 80 81 82 83 84 85 86 87 88 89 90 91 92 93 94 95
 96 97 98 99] [195]
--- 50 packets received with 9 error(s) ---
[SYNC] New preamble detected @ 352402 (CFO 9758.75 Hz, STO 2)
[SYNC] Estimated SNR: 15.98 dB (1024 samples)
[MAC] Packet demodulated:  [ 0  1  2  3  4  5  6  7  8  9 10 11 12 13 14 15 16 17 18 19 20 21 22 23
 24 25 26 27 28 29 30 31 32 33 34 35 36 37 38 39 40 41 42 43 44 45 46 47
 48 49 50 51 52 53 54 55 56 57 58 59 60 61 62 63 64 65 66 67 68 69 70 71
 72 73 74 75 76 77 78 79 80 81 82 83 84 85 86 87 88 89 90 91 92 93 94 95
 96 97 98 99] [195]
--- 51 packets received with 9 error(s) ---
[SYNC] New preamble detected @ 359452 (CFO 4431.33 Hz, STO 4)
[SYNC] Estimated SNR: 15.97 dB (2048 samples)
[MAC] Packet demodulated:  [ 0  1  2  3  4  5  6  7  8  9 10 11 12 13 14 15 16 17 18 19 20 21 22 23
 24 25 26 27 28 29 30 31 32 33 34 35 36 37 38 39 40 41 42 43 44 45 46 47
 48 49 50 51 52 53 54 55 56 57 58 59 60 61 62 63 64 65 66 67 68 69 70 71
 72 73 74 75 76 77 78 79 80 81 82 83 84 85 86 87 88 89 90 91 92 93 94 95
 96 97 98 99] [195]
--- 52 packets received with 9 error(s) ---
[SYNC] New preamble detected @ 366499 (CFO -10084.76 Hz, STO 3)
[SYNC] Estimated SNR: 15.97 dB (1024 samples)
[MAC] Error in CRC, packet dropped [255 255 255 255 255 255 255 255 255 255 255 255 255 255 255 255 255 255
 255 255 255 255 255 255 255 255 255 255 255 255 255 255 255 255 255 255
 255 255 255 255 255 255 255 255 255 255 255 255 255 255 255 255 255 255
 255 255 255 255 255 255 255 255 255 255 255 255 255 255 255 255 255 255
 255 255 255 255 255 255 255 255 255 255 255 255 255 255 255 255 255 255
 255 255 255 255 255 255 255 255 255 255] [255]
--- 53 packets received with 10 error(s) ---
[SYNC] New preamble detected @ 373545 (CFO -8969.92 Hz, STO 1)
[SYNC] Estimated SNR: 15.72 dB (1024 samples)
[MAC] Error in CRC, packet dropped [255 255 255 255 255 255 255 255 255 255 255 255 255 255 255 255 255 255
 255 255 255 255 255 255 255 255 255 255 255 255 255 255 255 255 255 255
 255 255 255 255 255 255 255 255 255 255 255 255 255 255 255 255 255 255
 255 255 255 255 255 255 255 255 255 255 255 255 255 255 255 255 255 255
 255 255 255 255 255 255 255 255 255 255 255 255 255 255 255 255 255 255
 255 255 255 255 255 255 255 255 255 255] [255]
--- 54 packets received with 11 error(s) ---
[SYNC] New preamble detected @ 380599 (CFO -11371.06 Hz, STO 7)
[SYNC] Estimated SNR: 15.90 dB (2048 samples)
[MAC] Error in CRC, packet dropped [255 255 255 255 255 255 255 255 255 255 255 255 255 255 255 255 255 255
 255 255 255 255 255 255 255 255 255 255 255 255 255 255 255 255 255 255
 255 255 255 255 255 255 255 255 255 255 255 255 255 255 255 255 255 255
 255 255 255 255 255 255 255 255 255 255 255 255 255 255 255 255 255 255
 255 255 255 255 255 255 255 255 255 255 255 255 255 255 255 255 255 255
 255 255 255 255 255 255 255 255 255 255] [255]
--- 55 packets received with 12 error(s) ---
[SYNC] New preamble detected @ 387647 (CFO -5030.10 Hz, STO 7)
[SYNC] Estimated SNR: 16.92 dB (2048 samples)
[MAC] Error in CRC, packet dropped [255 255 255 255 253 255 255 255 253 255 255 223 255 247 255 255 254 255
 255 255 255 239 254 239 255 254 255 255 255 191 255 247 255 255 191 127
 221 254 127  95 255 255 255 254 223 255 255 255 255 255 255 255 255 254
 255 238 255 127 255 255 255 251 247 255 251 255 255 255 255 255 191 255
 255 250 253 255 253 255 255 255 255 251 255 255 255 251 255 255 255 254
 255 255 255 255 255 255 255 255 255 191] [255]
--- 56 packets received with 13 error(s) ---
[SYNC] New preamble detected @ 394691 (CFO -3100.45 Hz, STO 3)
[SYNC] Estimated SNR: 18.69 dB (2048 samples)
[MAC] Error in CRC, packet dropped [184 235  70 195 103  39  38 239 190 171 142 111 221 125  95 127 220 123
 114 223 244 159 118  23 190  25  90 251  61 189 159  95  58 175 118  43
 167  53  62 111 107  45 186 123 109 109  47  47  51 245 254  55 254 245
 119 247 187  59 122  63 191 127  63  63 221 213 214  83  92 207 118  87
 105  91  74 107  95 125 223 239 122 241 127  95  86  85 126 247  92 219
  90  95 127 253  95 223 110 235 231 227] [215]
--- 57 packets received with 14 error(s) ---
[SYNC] New preamble detected @ 401741 (CFO 9571.28 Hz, STO 5)
[SYNC] Estimated SNR: 15.55 dB (2048 samples)
[MAC] Packet demodulated:  [ 0  1  2  3  4  5  6  7  8  9 10 11 12 13 14 15 16 17 18 19 20 21 22 23
 24 25 26 27 28 29 30 31 32 33 34 35 36 37 38 39 40 41 42 43 44 45 46 47
 48 49 50 51 52 53 54 55 56 57 58 59 60 61 62 63 64 65 66 67 68 69 70 71
 72 73 74 75 76 77 78 79 80 81 82 83 84 85 86 87 88 89 90 91 92 93 94 95
 96 97 98 99] [195]
--- 58 packets received with 14 error(s) ---
[SYNC] New preamble detected @ 408786 (CFO 9746.04 Hz, STO 2)
[SYNC] Estimated SNR: 15.92 dB (2048 samples)
[MAC] Packet demodulated:  [ 0  1  2  3  4  5  6  7  8  9 10 11 12 13 14 15 16 17 18 19 20 21 22 23
 24 25 26 27 28 29 30 31 32 33 34 35 36 37 38 39 40 41 42 43 44 45 46 47
 48 49 50 51 52 53 54 55 56 57 58 59 60 61 62 63 64 65 66 67 68 69 70 71
 72 73 74 75 76 77 78 79 80 81 82 83 84 85 86 87 88 89 90 91 92 93 94 95
 96 97 98 99] [195]
--- 59 packets received with 14 error(s) ---
[SYNC] New preamble detected @ 415835 (CFO 9405.17 Hz, STO 3)
[SYNC] Estimated SNR: 18.34 dB (2048 samples)
[MAC] Packet demodulated:  [ 0  1  2  3  4  5  6  7  8  9 10 11 12 13 14 15 16 17 18 19 20 21 22 23
 24 25 26 27 28 29 30 31 32 33 34 35 36 37 38 39 40 41 42 43 44 45 46 47
 48 49 50 51 52 53 54 55 56 57 58 59 60 61 62 63 64 65 66 67 68 69 70 71
 72 73 74 75 76 77 78 79 80 81 82 83 84 85 86 87 88 89 90 91 92 93 94 95
 96 97 98 99] [195]
--- 60 packets received with 14 error(s) ---
[SYNC] New preamble detected @ 422885 (CFO 9555.16 Hz, STO 5)
[SYNC] Estimated SNR: 18.32 dB (1024 samples)
[MAC] Packet demodulated:  [ 0  1  2  3  4  5  6  7  8  9 10 11 12 13 14 15 16 17 18 19 20 21 22 23
 24 25 26 27 28 29 30 31 32 33 34 35 36 37 38 39 40 41 42 43 44 45 46 47
 48 49 50 51 52 53 54 55 56 57 58 59 60 61 62 63 64 65 66 67 68 69 70 71
 72 73 74 75 76 77 78 79 80 81 82 83 84 85 86 87 88 89 90 91 92 93 94 95
 96 97 98 99] [195]
--- 61 packets received with 14 error(s) ---
[SYNC] New preamble detected @ 429935 (CFO 9738.08 Hz, STO 7)
[SYNC] Estimated SNR: 15.72 dB (2048 samples)
[MAC] Packet demodulated:  [ 0  1  2  3  4  5  6  7  8  9 10 11 12 13 14 15 16 17 18 19 20 21 22 23
 24 25 26 27 28 29 30 31 32 33 34 35 36 37 38 39 40 41 42 43 44 45 46 47
 48 49 50 51 52 53 54 55 56 57 58 59 60 61 62 63 64 65 66 67 68 69 70 71
 72 73 74 75 76 77 78 79 80 81 82 83 84 85 86 87 88 89 90 91 92 93 94 95
 96 97 98 99] [195]
--- 62 packets received with 14 error(s) ---
[SYNC] New preamble detected @ 436983 (CFO 9535.22 Hz, STO 7)
[SYNC] Estimated SNR: 16.45 dB (2048 samples)
[MAC] Packet demodulated:  [ 0  1  2  3  4  5  6  7  8  9 10 11 12 13 14 15 16 17 18 19 20 21 22 23
 24 25 26 27 28 29 30 31 32 33 34 35 36 37 38 39 40 41 42 43 44 45 46 47
 48 49 50 51 52 53 54 55 56 57 58 59 60 61 62 63 64 65 66 67 68 69 70 71
 72 73 74 75 76 77 78 79 80 81 82 83 84 85 86 87 88 89 90 91 92 93 94 95
 96 97 98 99] [195]
--- 63 packets received with 14 error(s) ---
[SYNC] New preamble detected @ 444029 (CFO 9140.82 Hz, STO 5)
[SYNC] Estimated SNR: 15.86 dB (1024 samples)
[MAC] Packet demodulated:  [ 0  1  2  3  4  5  6  7  8  9 10 11 12 13 14 15 16 17 18 19 20 21 22 23
 24 25 26 27 28 29 30 31 32 33 34 35 36 37 38 39 40 41 42 43 44 45 46 47
 48 49 50 51 52 53 54 55 56 57 58 59 60 61 62 63 64 65 66 67 68 69 70 71
 72 73 74 75 76 77 78 79 80 81 82 83 84 85 86 87 88 89 90 91 92 93 94 95
 96 97 98 99] [195]
--- 64 packets received with 14 error(s) ---
[SYNC] New preamble detected @ 451075 (CFO 9133.64 Hz, STO 3)
[SYNC] Estimated SNR: 15.89 dB (1024 samples)
[MAC] Packet demodulated:  [ 0  1  2  3  4  5  6  7  8  9 10 11 12 13 14 15 16 17 18 19 20 21 22 23
 24 25 26 27 28 29 30 31 32 33 34 35 36 37 38 39 40 41 42 43 44 45 46 47
 48 49 50 51 52 53 54 55 56 57 58 59 60 61 62 63 64 65 66 67 68 69 70 71
 72 73 74 75 76 77 78 79 80 81 82 83 84 85 86 87 88 89 90 91 92 93 94 95
 96 97 98 99] [195]
--- 65 packets received with 14 error(s) ---
[SYNC] New preamble detected @ 458125 (CFO 9462.12 Hz, STO 5)
[SYNC] Estimated SNR: 16.43 dB (2048 samples)
[MAC] Packet demodulated:  [ 0  1  2  3  4  5  6  7  8  9 10 11 12 13 14 15 16 17 18 19 20 21 22 23
 24 25 26 27 28 29 30 31 32 33 34 35 36 37 38 39 40 41 42 43 44 45 46 47
 48 49 50 51 52 53 54 55 56 57 58 59 60 61 62 63 64 65 66 67 68 69 70 71
 72 73 74 75 76 77 78 79 80 81 82 83 84 85 86 87 88 89 90 91 92 93 94 95
 96 97 98 99] [195]
--- 66 packets received with 14 error(s) ---
[SYNC] New preamble detected @ 465170 (CFO 9323.23 Hz, STO 2)
[SYNC] Estimated SNR: 16.38 dB (2048 samples)
[MAC] Packet demodulated:  [ 0  1  2  3  4  5  6  7  8  9 10 11 12 13 14 15 16 17 18 19 20 21 22 23
 24 25 26 27 28 29 30 31 32 33 34 35 36 37 38 39 40 41 42 43 44 45 46 47
 48 49 50 51 52 53 54 55 56 57 58 59 60 61 62 63 64 65 66 67 68 69 70 71
 72 73 74 75 76 77 78 79 80 81 82 83 84 85 86 87 88 89 90 91 92 93 94 95
 96 97 98 99] [195]
--- 67 packets received with 14 error(s) ---
[SYNC] New preamble detected @ 472216 (CFO 9638.35 Hz, STO 0)
[SYNC] Estimated SNR: 15.94 dB (2048 samples)
[MAC] Packet demodulated:  [ 0  1  2  3  4  5  6  7  8  9 10 11 12 13 14 15 16 17 18 19 20 21 22 23
 24 25 26 27 28 29 30 31 32 33 34 35 36 37 38 39 40 41 42 43 44 45 46 47
 48 49 50 51 52 53 54 55 56 57 58 59 60 61 62 63 64 65 66 67 68 69 70 71
 72 73 74 75 76 77 78 79 80 81 82 83 84 85 86 87 88 89 90 91 92 93 94 95
 96 97 98 99] [195]
--- 68 packets received with 14 error(s) ---
[SYNC] New preamble detected @ 479264 (CFO 9183.86 Hz, STO 0)
[SYNC] Estimated SNR: 17.84 dB (1024 samples)
[MAC] Packet demodulated:  [ 0  1  2  3  4  5  6  7  8  9 10 11 12 13 14 15 16 17 18 19 20 21 22 23
 24 25 26 27 28 29 30 31 32 33 34 35 36 37 38 39 40 41 42 43 44 45 46 47
 48 49 50 51 52 53 54 55 56 57 58 59 60 61 62 63 64 65 66 67 68 69 70 71
 72 73 74 75 76 77 78 79 80 81 82 83 84 85 86 87 88 89 90 91 92 93 94 95
 96 97 98 99] [195]
--- 69 packets received with 14 error(s) ---
[SYNC] New preamble detected @ 486319 (CFO -11345.61 Hz, STO 7)
[SYNC] Estimated SNR: 16.74 dB (1024 samples)
[MAC] Error in CRC, packet dropped [255 255 255 255 255 255 255 255 255 255 255 255 255 255 255 255 255 255
 255 255 255 255 255 255 255 255 255 255 255 255 255 255 255 255 255 255
 255 255 255 255 255 255 255 255 255 255 255 255 255 255 255 255 255 255
 255 255 255 255 255 255 255 255 255 255 255 255 255 255 255 255 255 255
 255 255 255 255 255 255 255 255 255 255 255 255 255 255 255 255 255 255
 255 255 255 255 255 255 255 255 255 255] [255]
--- 70 packets received with 15 error(s) ---
[SYNC] New preamble detected @ 493362 (CFO 11054.42 Hz, STO 2)
[SYNC] Estimated SNR: 16.44 dB (2048 samples)
[MAC] Error in CRC, packet dropped [ 0  1  2  3  4  5  6  7  8  9 10 11 12 13 14 15 16 17 18 19 20 21 22 23
 24 25 26 27 28 29 30 31 32 32 34 35 36 37 38 39 40 41 34 43  8 45 14 47
 48 49 50 51 52 53 54 55 56 57 58 58 60 61 62 62 64 65 66 67 64 69 70 70
 72 73 74 75 72 77 76 79 80 81 82 83 84 20 86 71 24 89 90 91 92 93 94 95
 96 97 98 99] [195]
--- 71 packets received with 16 error(s) ---
[SYNC] New preamble detected @ 500409 (CFO 3536.48 Hz, STO 1)
[SYNC] Estimated SNR: 15.37 dB (512 samples)
[MAC] Packet demodulated:  [ 0  1  2  3  4  5  6  7  8  9 10 11 12 13 14 15 16 17 18 19 20 21 22 23
 24 25 26 27 28 29 30 31 32 33 34 35 36 37 38 39 40 41 42 43 44 45 46 47
 48 49 50 51 52 53 54 55 56 57 58 59 60 61 62 63 64 65 66 67 68 69 70 71
 72 73 74 75 76 77 78 79 80 81 82 83 84 85 86 87 88 89 90 91 92 93 94 95
 96 97 98 99] [195]
--- 72 packets received with 16 error(s) ---
[SYNC] New preamble detected @ 507460 (CFO 8286.95 Hz, STO 4)
[SYNC] Estimated SNR: 17.59 dB (512 samples)
[MAC] Packet demodulated:  [ 0  1  2  3  4  5  6  7  8  9 10 11 12 13 14 15 16 17 18 19 20 21 22 23
 24 25 26 27 28 29 30 31 32 33 34 35 36 37 38 39 40 41 42 43 44 45 46 47
 48 49 50 51 52 53 54 55 56 57 58 59 60 61 62 63 64 65 66 67 68 69 70 71
 72 73 74 75 76 77 78 79 80 81 82 83 84 85 86 87 88 89 90 91 92 93 94 95
 96 97 98 99] [195]
--- 73 packets received with 16 error(s) ---
[SYNC] New preamble detected @ 514507 (CFO 11478.92 Hz, STO 3)
[SYNC] Estimated SNR: 15.88 dB (1024 samples)
[MAC] Packet demodulated:  [ 0  1  2  3  4  5  6  7  8  9 10 11 12 13 14 15 16 17 18 19 20 21 22 23
 24 25 26 27 28 29 30 31 32 33 34 35 36 37 38 39 40 41 42 43 44 45 46 47
 48 49 50 51 52 53 54 55 56 57 58 59 60 61 62 63 64 65 66 67 68 69 70 71
 72 73 74 75 76 77 78 79 80 81 82 83 84 85 86 87 88 89 90 91 92 93 94 95
 96 97 98 99] [195]
--- 74 packets received with 16 error(s) ---
[SYNC] New preamble detected @ 521555 (CFO 434.72 Hz, STO 3)
[SYNC] Estimated SNR: 15.90 dB (2048 samples)
[MAC] Error in CRC, packet dropped [ 0  1  2  3  4  5  6  7  8  9 10 11 12 13 14 15 16 17 18 19 20 21 22 23
 24 25 26 27 60 29 30 31 32 33 34 35 36 37 38 39 40 41 42 43 44 45 46 47
 48 49 50 51 52 53 54 55 56 57 58 59 60 61 62 63 64 65 66 67 68 69 70 71
 72 73 74 75 76 77 78 79 80 81 82 83 84 85 86 87 88 89 90 91 92 93 94 95
 96 97 98 99] [195]
--- 75 packets received with 17 error(s) ---
[SYNC] New preamble detected @ 528606 (CFO 6391.82 Hz, STO 6)
[SYNC] Estimated SNR: 15.27 dB (2048 samples)
[MAC] Error in CRC, packet dropped [  0   2   6   7  12  15  14  15  24  27  30  15  28  31  30  31  32  51
  54  55  60  63  62  63  56  59  62  55  60  63  62  63  96  99 102 103
 108 111 110 111 120 123 126 127 124  63 126 126 112 115 118 103 124 127
 126 127 120 123 126 127 124 127 126 127 192 195 198 199 204 205 206 207
 216 218 222 159 220 223 222 223 240 211 214 247 244 127 254 254 248 251
 250 255 252 255 126 255 224 227 230 231] [135]
--- 76 packets received with 18 error(s) ---
[SYNC] New preamble detected @ 535650 (CFO 4470.13 Hz, STO 2)
[SYNC] Estimated SNR: 14.61 dB (2048 samples)
[MAC] Packet demodulated:  [ 0  1  2  3  4  5  6  7  8  9 10 11 12 13 14 15 16 17 18 19 20 21 22 23
 24 25 26 27 28 29 30 31 32 33 34 35 36 37 38 39 40 41 42 43 44 45 46 47
 48 49 50 51 52 53 54 55 56 57 58 59 60 61 62 63 64 65 66 67 68 69 70 71
 72 73 74 75 76 77 78 79 80 81 82 83 84 85 86 87 88 89 90 91 92 93 94 95
 96 97 98 99] [195]
--- 77 packets received with 18 error(s) ---
[SYNC] New preamble detected @ 542701 (CFO -9281.32 Hz, STO 5)
[SYNC] Estimated SNR: 16.71 dB (2048 samples)
[MAC] Error in CRC, packet dropped [255 255 255 255 255 255 255 255 255 255 255 255 255 255 255 255 255 255
 255 255 255 255 255 255 255 255 255 255 255 255 255 255 255 255 255 255
 255 255 255 255 255 255 255 255 255 255 255 255 255 255 255 255 255 255
 255 255 255 255 255 255 255 255 255 255 255 255 255 255 255 255 255 255
 255 255 255 255 255 255 255 255 255 255 255 255 255 255 255 255 255 255
 255 255 255 255 255 255 255 255 255 255] [255]
--- 78 packets received with 19 error(s) ---
[SYNC] New preamble detected @ 549749 (CFO -11519.73 Hz, STO 5)
[SYNC] Estimated SNR: 18.26 dB (512 samples)
[MAC] Error in CRC, packet dropped [255 255 255 255 255 255 255 255 255 255 255 255 255 255 255 255 255 255
 255 255 255 255 255 255 255 255 255 255 255 255 255 255 255 255 255 255
 255 255 255 255 255 255 255 255 255 255 255 255 255 255 255 255 255 255
 255 255 255 255 255 255 255 255 255 255 255 255 255 255 255 255 255 255
 255 255 255 255 255 255 255 255 255 255 255 255 255 255 255 255 255 255
 255 255 255 255 255 255 255 255 255 255] [255]
--- 79 packets received with 20 error(s) ---
[SYNC] New preamble detected @ 556798 (CFO 9841.44 Hz, STO 6)
[SYNC] Estimated SNR: 18.17 dB (2048 samples)
[MAC] Packet demodulated:  [ 0  1  2  3  4  5  6  7  8  9 10 11 12 13 14 15 16 17 18 19 20 21 22 23
 24 25 26 27 28 29 30 31 32 33 34 35 36 37 38 39 40 41 42 43 44 45 46 47
 48 49 50 51 52 53 54 55 56 57 58 59 60 61 62 63 64 65 66 67 68 69 70 71
 72 73 74 75 76 77 78 79 80 81 82 83 84 85 86 87 88 89 90 91 92 93 94 95
 96 97 98 99] [195]
--- 80 packets received with 20 error(s) ---
[SYNC] New preamble detected @ 563843 (CFO -12010.84 Hz, STO 3)
[SYNC] Estimated SNR: 18.48 dB (1024 samples)
[MAC] Error in CRC, packet dropped [255 255 255 255 255 255 255 255 255 255 255 255 255 255 255 255 255 255
 255 255 255 255 255 255 255 255 255 255 255 255 255 255 255 255 255 255
 255 255 255 255 255 255 255 255 255 255 255 255 255 255 255 255 255 255
 255 255 255 255 255 255 255 255 255 255 255 255 255 255 255 255 255 255
 255 255 255 255 255 255 255 255 255 255 255 255 255 255 255 255 255 255
 255 255 255 255 255 255 255 255 255 255] [255]
--- 81 packets received with 21 error(s) ---
[SYNC] New preamble detected @ 570889 (CFO -7789.15 Hz, STO 1)
[SYNC] Estimated SNR: 17.36 dB (1024 samples)
[MAC] Error in CRC, packet dropped [255 255 255 255 255 255 255 255 255 255 255 255 255 255 255 255 255 255
 255 255 255 255 255 255 255 255 255 255 255 255 255 255 255 255 255 255
 255 255 255 255 255 255 255 255 255 255 255 255 255 255 255 255 255 255
 255 255 255 255 255 255 255 255 255 255 255 255 255 255 255 255 255 255
 255 255 255 255 255 255 255 255 255 255 255 255 255 255 255 255 255 255
 255 255 255 255 255 255 255 255 255 255] [255]
--- 82 packets received with 22 error(s) ---
[SYNC] New preamble detected @ 577940 (CFO -7259.34 Hz, STO 4)
[SYNC] Estimated SNR: 15.91 dB (2048 samples)
[MAC] Error in CRC, packet dropped [255 255 255 255 255 255 255 255 255 255 255 255 255 255 255 255 255 255
 255 255 255 255 255 255 255 255 255 255 255 255 255 255 255 255 255 255
 255 255 255 255 255 255 255 255 255 255 255 255 255 255 255 255 255 255
 255 255 255 255 255 191 255 255 255 255 255 255 255 255 255 255 255 255
 255 255 255 255 255 255 255 255 255 255 255 255 255 255 255 255 255 255
 255 255 255 255 255 255 255 255 255 255] [255]
--- 83 packets received with 23 error(s) ---
[SYNC] New preamble detected @ 584989 (CFO 9432.81 Hz, STO 5)
[SYNC] Estimated SNR: 16.89 dB (512 samples)
[MAC] Packet demodulated:  [ 0  1  2  3  4  5  6  7  8  9 10 11 12 13 14 15 16 17 18 19 20 21 22 23
 24 25 26 27 28 29 30 31 32 33 34 35 36 37 38 39 40 41 42 43 44 45 46 47
 48 49 50 51 52 53 54 55 56 57 58 59 60 61 62 63 64 65 66 67 68 69 70 71
 72 73 74 75 76 77 78 79 80 81 82 83 84 85 86 87 88 89 90 91 92 93 94 95
 96 97 98 99] [195]
--- 84 packets received with 23 error(s) ---
[SYNC] New preamble detected @ 592035 (CFO 9302.91 Hz, STO 3)
[SYNC] Estimated SNR: 16.04 dB (2048 samples)
[MAC] Packet demodulated:  [ 0  1  2  3  4  5  6  7  8  9 10 11 12 13 14 15 16 17 18 19 20 21 22 23
 24 25 26 27 28 29 30 31 32 33 34 35 36 37 38 39 40 41 42 43 44 45 46 47
 48 49 50 51 52 53 54 55 56 57 58 59 60 61 62 63 64 65 66 67 68 69 70 71
 72 73 74 75 76 77 78 79 80 81 82 83 84 85 86 87 88 89 90 91 92 93 94 95
 96 97 98 99] [195]
--- 85 packets received with 23 error(s) ---
[SYNC] New preamble detected @ 599087 (CFO 9443.39 Hz, STO 7)
[SYNC] Estimated SNR: 16.38 dB (4096 samples)
[MAC] Packet demodulated:  [ 0  1  2  3  4  5  6  7  8  9 10 11 12 13 14 15 16 17 18 19 20 21 22 23
 24 25 26 27 28 29 30 31 32 33 34 35 36 37 38 39 40 41 42 43 44 45 46 47
 48 49 50 51 52 53 54 55 56 57 58 59 60 61 62 63 64 65 66 67 68 69 70 71
 72 73 74 75 76 77 78 79 80 81 82 83 84 85 86 87 88 89 90 91 92 93 94 95
 96 97 98 99] [195]
--- 86 packets received with 23 error(s) ---
[SYNC] New preamble detected @ 606128 (CFO -1124.57 Hz, STO 0)
[SYNC] Estimated SNR: 16.36 dB (2048 samples)
[MAC] Error in CRC, packet dropped [  0   1   2  11   4   5   6   7   9   9  10  11 140  13  14  15  16  17
  18  83  20  21  22  55  24  25  26  27  28  93 158  31  32  33  98  35
  36  37  46  39  40 169  42  43  44  45  46 175  50  49  50  51  52  61
 182  55  56 121  58 123  60  61  62  63  64  67  66  67  68  77  70  71
  72  73  74  75  77  77 110  79  81  81  82  83  84  85  86  87  88  89
  90  91  92  93  94 223  96  97  98  99] [203]
--- 87 packets received with 24 error(s) ---
[SYNC] New preamble detected @ 613179 (CFO 9342.35 Hz, STO 3)
[SYNC] Estimated SNR: 17.43 dB (2048 samples)
[MAC] Packet demodulated:  [ 0  1  2  3  4  5  6  7  8  9 10 11 12 13 14 15 16 17 18 19 20 21 22 23
 24 25 26 27 28 29 30 31 32 33 34 35 36 37 38 39 40 41 42 43 44 45 46 47
 48 49 50 51 52 53 54 55 56 57 58 59 60 61 62 63 64 65 66 67 68 69 70 71
 72 73 74 75 76 77 78 79 80 81 82 83 84 85 86 87 88 89 90 91 92 93 94 95
 96 97 98 99] [195]
--- 88 packets received with 24 error(s) ---
[SYNC] New preamble detected @ 620226 (CFO 9600.13 Hz, STO 2)
[SYNC] Estimated SNR: 13.48 dB (1024 samples)
[MAC] Packet demodulated:  [ 0  1  2  3  4  5  6  7  8  9 10 11 12 13 14 15 16 17 18 19 20 21 22 23
 24 25 26 27 28 29 30 31 32 33 34 35 36 37 38 39 40 41 42 43 44 45 46 47
 48 49 50 51 52 53 54 55 56 57 58 59 60 61 62 63 64 65 66 67 68 69 70 71
 72 73 74 75 76 77 78 79 80 81 82 83 84 85 86 87 88 89 90 91 92 93 94 95
 96 97 98 99] [195]
--- 89 packets received with 24 error(s) ---
[SYNC] New preamble detected @ 627272 (CFO 9252.75 Hz, STO 0)
[SYNC] Estimated SNR: 17.63 dB (2048 samples)
[MAC] Packet demodulated:  [ 0  1  2  3  4  5  6  7  8  9 10 11 12 13 14 15 16 17 18 19 20 21 22 23
 24 25 26 27 28 29 30 31 32 33 34 35 36 37 38 39 40 41 42 43 44 45 46 47
 48 49 50 51 52 53 54 55 56 57 58 59 60 61 62 63 64 65 66 67 68 69 70 71
 72 73 74 75 76 77 78 79 80 81 82 83 84 85 86 87 88 89 90 91 92 93 94 95
 96 97 98 99] [195]
--- 90 packets received with 24 error(s) ---
[SYNC] New preamble detected @ 634325 (CFO 10122.11 Hz, STO 5)
[SYNC] Estimated SNR: 17.00 dB (2048 samples)
[MAC] Packet demodulated:  [ 0  1  2  3  4  5  6  7  8  9 10 11 12 13 14 15 16 17 18 19 20 21 22 23
 24 25 26 27 28 29 30 31 32 33 34 35 36 37 38 39 40 41 42 43 44 45 46 47
 48 49 50 51 52 53 54 55 56 57 58 59 60 61 62 63 64 65 66 67 68 69 70 71
 72 73 74 75 76 77 78 79 80 81 82 83 84 85 86 87 88 89 90 91 92 93 94 95
 96 97 98 99] [195]
--- 91 packets received with 24 error(s) ---
[SYNC] New preamble detected @ 641370 (CFO 10883.67 Hz, STO 2)
[SYNC] Estimated SNR: 16.15 dB (4096 samples)
[MAC] Packet demodulated:  [ 0  1  2  3  4  5  6  7  8  9 10 11 12 13 14 15 16 17 18 19 20 21 22 23
 24 25 26 27 28 29 30 31 32 33 34 35 36 37 38 39 40 41 42 43 44 45 46 47
 48 49 50 51 52 53 54 55 56 57 58 59 60 61 62 63 64 65 66 67 68 69 70 71
 72 73 74 75 76 77 78 79 80 81 82 83 84 85 86 87 88 89 90 91 92 93 94 95
 96 97 98 99] [195]
--- 92 packets received with 24 error(s) ---
[SYNC] New preamble detected @ 648423 (CFO 9281.85 Hz, STO 7)
[SYNC] Estimated SNR: 16.21 dB (1024 samples)
[MAC] Packet demodulated:  [ 0  1  2  3  4  5  6  7  8  9 10 11 12 13 14 15 16 17 18 19 20 21 22 23
 24 25 26 27 28 29 30 31 32 33 34 35 36 37 38 39 40 41 42 43 44 45 46 47
 48 49 50 51 52 53 54 55 56 57 58 59 60 61 62 63 64 65 66 67 68 69 70 71
 72 73 74 75 76 77 78 79 80 81 82 83 84 85 86 87 88 89 90 91 92 93 94 95
 96 97 98 99] [195]
--- 93 packets received with 24 error(s) ---
[SYNC] New preamble detected @ 655468 (CFO 9627.41 Hz, STO 4)
[SYNC] Estimated SNR: 16.27 dB (4096 samples)
[MAC] Packet demodulated:  