---------------------------------------------------------------
LimeSuite Source (RX) info

##################
Connecting to device
##################
LimeSuite version: 22.09.1-myriadrf1~ubuntu20.04
gr-limesdr version: v1.0-compat-xxx-xunknown
##################
Device list:
Nr.:0 device:LimeSDR Mini, media=USB 3.0, module=FT601, addr=24607:1027, serial=1D7505D2B85BDA
##################
INFO: device_handler::open_device(): no serial number. Using first device in the list.
Use "LimeUtil --find" in terminal to find prefered device serial.
Using device: LimeSDR-Mini(1D7505D2B85BDA) GW: 1.29 FW: 6
##################

INFO: device_handler::enable_channels(): SISO CH0 set for device number 0.
INFO: device_handler::set_samp_rate(): set sampling rate: 0.4 MS/s.
INFO: device_handler::set_rf_freq(): RF frequency set [RX]: 876 MHz.
INFO: device_handler::set_analog_filter(): INFO: device_handler::set_digital_filter(): digital filter CH0 [RX]: 0.4 MHz.
INFO: device_handler::set_gain(): 
Clearing running sum before changing gain 
Actual : Short = 0 /  Long = 0
Clear : Short = 0 /  Long = 0
Set gain [RX] CH0: 60 dB.
Running : Short = 0 /  Long = 0
INFO: device_handler::set_antenna(): CH0 antenna set [RX]: LNAW.
INFO: device_handler::calibrate(): INFO: device_handler::set_dspcfg_preamble(): INFO: source_impl::init_stream(): source channel 0 (device nr. 0) stream setup done.
Press Enter to quit: [SYNC] New preamble detected @ 3 (CFO 0.00 Hz, STO 3)
[SYNC] Estimated SNR: -0.90 dB (2048 samples)
[MAC] Error in CRC, packet dropped [169  11 203 186 104 114  33   7  65  84 176   4 135 138 237 106 156 141
 193  49 162 131 199  90  60 180 242 222  15 153  79 186  31  53 168 221
 104 230   8 146  39   0 247 170  19 106 197  92  63   3 111  28 116  12
 135 156 138 178  92 196 161 239  55 171 168 187 100 116  74   5 129 169
 228  98 143 162 114 233 247 206  58  72 107  18 189  77 123 175  42 200
  96  98 251 246  75 168 123  20 107 107] [4]
--- 1 packets received with 1 error(s) ---
[SYNC] New preamble detected @ 7048 (CFO 11453.45 Hz, STO 0)
[SYNC] Estimated SNR: 2.89 dB (2048 samples)
[MAC] Error in CRC, packet dropped [  0   1   2   3  68   1   6   7   8   9  10  13   4   9   6   7   8  17
  18   3  20  21  80   7  24  25  24  27   4  29  30  15 160   1  34  51
  32   6 174  39  40   9  42  43 172 175  30  37  32  19  50  49  52  17
  54  55  56  49  59  59  60  61  62  63   0  65  66  65  68   5  70   7
  72  73   2  75  72  77  14  77  64 115  82 219  84 112 246  23  80  24
  90  91  60  13  78 143  96  64  66  99] [195]
--- 2 packets received with 2 error(s) ---
[SYNC] New preamble detected @ 14102 (CFO -245.11 Hz, STO 6)
[SYNC] Estimated SNR: 1.32 dB (2048 samples)
[MAC] Error in CRC, packet dropped [163 191  61 227 245 242 247 250   3 250 199 238 211 247 239 235 205 179
 243 243 223 243 163 254  70 183 118 119 207 230 222 231 214 179  63 229
 207 167 231 183  58 187 119 231 135 203 231 239 135 247 247 227 159 255
 219 255 220  60 249 123 250 232 253 251 238 248 127 249 197 249 239 251
  79  29  47 125 207 191 245 255 255 111 223 255 219 255 251 254 141 110
 239 168 127 150  30 183 254  14 118 169] [213]
--- 3 packets received with 3 error(s) ---
[SYNC] New preamble detected @ 21151 (CFO 8688.11 Hz, STO 7)
[SYNC] Estimated SNR: 3.34 dB (2048 samples)
[MAC] Error in CRC, packet dropped [ 64   1   2   3   4  21   6  15   8   9  11  11  12  13  14  15  16  17
  18  19  20  21  22  21  56  25  26  27  28  29  31  29  32  32  34  35
  36  45  38  39  40  41 106  41  44  45  46  47  50  49  50  51  52  53
  54  53  60  57  58  58  60  61  62  63  64  65  66  67  68  69  70  71
  65 201  72 107  77  77  78  79  80  81  82  83  85  85  86  87  88  81
  90  91  76  93  94  95 100 105  98  99] [195]
--- 4 packets received with 4 error(s) ---
[SYNC] New preamble detected @ 28193 (CFO 9006.25 Hz, STO 1)
[SYNC] Estimated SNR: 4.80 dB (1024 samples)
[MAC] Error in CRC, packet dropped [128   0   0   3   0   1   7   7 136   9  11  15 140  12 134   5  16  73
 130   3  24   4  27  31 152  13 154  11 158  28 143  63 128   0  17  49
 133  52  39  51  12  44 173  17 156  28  54  39 152  17 187  18  28  57
 146  23  56  29 187  25 156  60 154  29  64   1 101  33 164 100 226  39
 200  96 169 109  46   6  14 103 240 104  83  97 126  58 175   3 172 125
  91 109 254  76  15  79  96  49 177  97] [227]
--- 5 packets received with 5 error(s) ---
[SYNC] New preamble detected @ 35246 (CFO 9778.06 Hz, STO 6)
[SYNC] Estimated SNR: 6.11 dB (2048 samples)
[MAC] Error in CRC, packet dropped [  0   1   2   3   4   5   6   7  24   9  10  11  14  93  14  14  16  17
  18  19  16  53  22  23  24  25  26  27  28  29  30  31   0  33  34  35
   4  37  38  39  40  41 170  43  44  45  46  47  48  49  50  51  52  53
  54  55  56  57  58  59  56  60  62  63  64  65  66 195  68  69  70  71
  72  73  74  75  76  77  78  79  80  81  66  83 116  85  86  87  72  89
  90  91 220  93  94  95  96  97  98  99] [195]
--- 6 packets received with 6 error(s) ---
[SYNC] New preamble detected @ 42295 (CFO 9419.59 Hz, STO 7)
[SYNC] Estimated SNR: 5.08 dB (2048 samples)
[MAC] Error in CRC, packet dropped [  0  16  64  48  64  96 192 112 129 144  33 176 192 209 224 179   0  22
  32  35 131  67 225 241  75 161 131 241 193 195 193 240   2  16   4 112
 130  18 226 242   5 176 160 231 129 228 226 242   7   3  39  51 143  86
  66 115 135  39 163  35 195 179 199 228   8  60  36  36 204 112  72 108
   0 173  44  44 137 128 225 231   6   8  46  39  72   4  65 113  37  21
 133 255 207 195 233 244   6  38   6 124] [32]
--- 7 packets received with 7 error(s) ---
[SYNC] New preamble detected @ 49343 (CFO -5224.42 Hz, STO 7)
[SYNC] Estimated SNR: 1.11 dB (2048 samples)
[MAC] Error in CRC, packet dropped [231  58 183 239 243  86 155 251 191 247  39  99 123 255 235 223 231 254
 255  94 245 222 254 239 247  37 233 223 235 215 245 223 119  79  47 247
 118 214 175 247 255 191 191 247 247 215 239 119 251 201 127 233 234  93
 252 200 222 225 191 253 255 249 191 201 246 126 239 122 123 222 127 255
 255 219 186 219 251  79 175 239 255 252 253 212 255 238  64 196  40  22
 117  30 171  42  40  34 202 117  80 223] [27]
--- 8 packets received with 8 error(s) ---
[SYNC] New preamble detected @ 56385 (CFO -2166.30 Hz, STO 1)
[SYNC] Estimated SNR: 1.79 dB (1024 samples)
[MAC] Error in CRC, packet dropped [195 195 220 222 245 207 246  52 167 151 190 202 223 184 255   7 155 107
 173  14 207  79 255  42 223 223 190 181 189  63 183  30 211 191 254  22
 245  63 158 214 223  95 185  57 137 125 255  92 159 191 255  92 255 223
 254  62 223  95 162 246 243 119 162 118 183 255 182  39 253  55 173 238
 191  23 100 111 221 189 234  43 191 255 164 190 175 239 239 253 239 255
 186 158 185  56 229 166 191  76 140  43] [80]
--- 9 packets received with 9 error(s) ---
[SYNC] New preamble detected @ 63432 (CFO 10297.74 Hz, STO 0)
[SYNC] Estimated SNR: 3.54 dB (1024 samples)
[MAC] Error in CRC, packet dropped [  0   1  66   3   4   5  38   7   0   9  10  11  12  13  14  15  16   9
  18  27  20  21  23  23  24  25  26  27  28  29  30  31 160  33  34  35
  36  37  38   7  40 169  42  11  44  13  46  43  48  49  50  19 116  53
  54  55  56  57  58  59  46  57  62  63  64  97 194  67  68  69  70  71
  72  73  10  75  76  77  79  79  80  81  82  83  84  85  86  87  92  89
  90  91  92  93  94  95  96  97  96  99] [67]
--- 10 packets received with 10 error(s) ---
[SYNC] New preamble detected @ 70484 (CFO 8010.30 Hz, STO 4)
[SYNC] Estimated SNR: 4.42 dB (2048 samples)
[MAC] Error in CRC, packet dropped [  0   1   2  35  68   5  22  39   8   9  10  11  28  12  14  11  16  17
  82 147  20  23  22  23  24   9 154  59  28  29  31  31  32  33  34  35
  36  37   6  39  40  41  46  43  44  47  47  47  48  49  50  19  52  53
  54  55  56  49  58  59  60  45  62 191 100  65  98  65  69  77  70  71
  72  73  74  75  76  77 239  77  80  83 114  83  84  85  94  87  88  89
  90  91  94  93  94  95  32  97  98 103] [195]
--- 11 packets received with 11 error(s) ---
[SYNC] New preamble detected @ 77533 (CFO 9687.94 Hz, STO 5)
[SYNC] Estimated SNR: 1.61 dB (4096 samples)
[MAC] Error in CRC, packet dropped [  0   1   2   3   4  69  10  23  24  73  10  31  12  13  46 111  28   1
  26  27  20  21  22  51  24  25  26  19  28  31  30 157  32  33  34   3
  38  23  38 103  40  41  42  43 108  45  46  47  48  17  34 115  44  53
  54  55  56  25  58 171  60  60  62  55  64  65  66  67 100 102  70  70
  72  73 106  75  76  77  78  15  84  81  82  91 116  69 222  87  88 121
  88  91  92  93  94  95  98 101  98 131] [155]
--- 12 packets received with 12 error(s) ---
[SYNC] New preamble detected @ 84582 (CFO -1010.56 Hz, STO 6)
[SYNC] Estimated SNR: 2.84 dB (1024 samples)
[MAC] Error in CRC, packet dropped [211 163 150 102 246 167 207  30 199 135 206  92 213 187 238  79 175 175
 238  63 207 159 207 143 239 127 219  62 221 184 223  75 251 219 252  30
 255 159 223  63 223 159 220 220 213 255 255  89 223 191 127  44 223 191
 223 126 159  63 248 240 253 245 113 242 227 251 252   4 253 183 255 127
 183 239 247  63 245 187 191 238 251 251 222  62 191 255 191 175 239 255
 252  57  93 181 241 133 129 219 202  46] [192]
--- 13 packets received with 13 error(s) ---
[SYNC] New preamble detected @ 91625 (CFO 9888.93 Hz, STO 1)
[SYNC] Estimated SNR: 2.90 dB (4096 samples)
[MAC] Error in CRC, packet dropped [  0   0   2   3   4  21  70   7   8   9  10   3  12  77  15   7  24  51
  18  19 149   5 150  22  24  25  26  27  28  13 158  31  36  49  34  35
  36   1   6  55  40  13  42  43  46  25  46  47  56  59  50  51 180  60
  54  63 180  57 123 123  60  61  62  63 228  64  66 195   0 101  66  71
  96  33 204  75  76  47  78   7  80  81  82  83  84  87  23 243  72 121
  91 120  76  93 206  95  64  97 117  99] [195]
--- 14 packets received with 14 error(s) ---
[SYNC] New preamble detected @ 98673 (CFO 8696.16 Hz, STO 1)
[SYNC] Estimated SNR: 3.43 dB (2048 samples)
[MAC] Error in CRC, packet dropped [  0   1   2   3   4   5  22   7   8   9  14  11  28  13  78  15  16  17
  18  23  20  21  18  23  56  25  26  27  28  29  30  63   0  33 170  55
  36  20 166  39  40  73 186  43  44  39  46  47  48  51  50  51  52 117
  54  53  56 121  42 123  60  29  30  63  64  69   2  75  68  71 142  67
   8  89  64  75 204  77  78  79  64  81  82  83  84 117  86  55 113  89
  90  91  92  21  94  95  96 105 226  35] [195]
--- 15 packets received with 15 error(s) ---
[SYNC] New preamble detected @ 105727 (CFO 7599.74 Hz, STO 7)
[SYNC] Estimated SNR: 4.09 dB (4096 samples)
[MAC] Error in CRC, packet dropped [ 32   1  34   3   4 133   6   7   8   9  10  11  12  13  14  15  16  17
  18  19  20 149  22 151  24  29  26  27  28  29  30  31  40  33  42  51
  36  37  38  39  40 169  42  43  44  45  46  47  55  49  50  51 116  21
  55  55  56  41  58  59  60  61  62  63  64 193  67  67  68  69 230  71
  72  89  90  75  76  93  78 207  80  81 210  83  84  85  86  87  92  89
  90  91  92  93  94  95  96 107  98  99] [195]
--- 16 packets received with 16 error(s) ---
[SYNC] New preamble detected @ 112772 (CFO 10102.61 Hz, STO 4)
[SYNC] Estimated SNR: 3.52 dB (512 samples)
[MAC] Error in CRC, packet dropped [188  43 136   0   0   0 193  17   9 129 130   2   2   0 195   2  67 135
 196   4 141   0 133   8 201   1 196  12  71 135 206   6  71 143 128   0
  73 152 203  10  81 153 204   0  10 140 211   6  19   3 156  24  77 136
 205  29 205  12 206  14  92  31 223  15 143 143 208  16  17 144 211  33
  83 161 192  32  54  48 211  34 213 131 140  28  65  32 201  48 133  21
 164  26  86   6 247  47  23 135 153  16] [80]
--- 17 packets received with 17 error(s) ---
[SYNC] New preamble detected @ 119821 (CFO 11024.91 Hz, STO 5)
[SYNC] Estimated SNR: 2.89 dB (2048 samples)
[MAC] Error in CRC, packet dropped [ 37  15 192  32  64 129 193   3  65 129 130   2  64 130 195   3 195 135
 196   0  68 133 133  15   5   5  70   6  69 174 198   6  71 131 204   8
 201 192 201  41  65   9 200  10  70  10 215  11   3 139 204 136  12 132
 216   9  77 141 202  14 142 142 221  15  79 143 192  16 113  16 145  16
  81 145 150  18  70 176 243  19 211 131 148   0  68 148 225   7 193 149
 198 150 118 158 215  23 231 151 216  24] [121]
--- 18 packets received with 18 error(s) ---
[SYNC] New preamble detected @ 126866 (CFO 10053.64 Hz, STO 2)
[SYNC] Estimated SNR: 4.06 dB (1024 samples)
[MAC] Error in CRC, packet dropped [  0   1   2 131   4   1  22   5   8   9  10  11  12  13  14  15  16  17
  18  19  20  21  23  23  24   9  24  27  28  29  30  31  32  33  34  35
  36  37  38  39  44  41  42  43  44  45  46  47  48  49  50  51  52  53
  54  55  56  57  58  59  60  61  62  63  64  65  66  67  68  69  70  71
  72  73  74 203  76  77  78  79  80  81  82  83  84  85  86  87  88  89
  90  83  92 125 222  95 112  97  98  99] [195]
--- 19 packets received with 19 error(s) ---
[SYNC] New preamble detected @ 133913 (CFO 7683.56 Hz, STO 1)
[SYNC] Estimated SNR: 4.07 dB (4096 samples)
[MAC] Error in CRC, packet dropped [249 234  58 184   0  12  16  28  48  20  56  56  32 108  88  24  96  96
 112  60 128  68 210 152 160  52 220 216 192 224 104 236 240 116 120 249
 128  37 129   9 129 200 217  25  96  97  65  93 161 172 249  60 193 204
 177 153 145 173 240 217 193 228 217 205 240 252 249 255   3  11   9  10
   3  53  57  63  33 110 105  61  32  63 114 126 130 129 136 156 208  59
 241 218 226 233 202 217 115 246 250 249] [129]
--- 20 packets received with 20 error(s) ---
[SYNC] New preamble detected @ 140963 (CFO 9822.07 Hz, STO 3)
[SYNC] Estimated SNR: 3.99 dB (2048 samples)
[MAC] Error in CRC, packet dropped [  0   1   0   3   4   5   6  15   8  25  10  19  12  13  30  15  16  17
  18  19 132  21  22  23  24   9  26  31  28  29  30  31  32  97  34  35
  36 101  46  47  40 105  46  43  44  44  46 111  48  17  50 115  60  52
  54  55  56  57 122 123  28  57  46  31  64  65  66  71  68   5 198  71
  72  73  66  75  76  77  78  79  81  81  82  83  86  85  86  87  89  89
  90 155  92  92  94  95  96  97  64 227] [195]
--- 21 packets received with 21 error(s) ---
[SYNC] New preamble detected @ 148008 (CFO 8407.61 Hz, STO 0)
[SYNC] Estimated SNR: 3.22 dB (2048 samples)
[MAC] Error in CRC, packet dropped [ 20   0   6   2  12   4  14   7  24   8  38  43   4  15  30  15  16  17
  18  51  12  21  22  23  56  27  26 143  60  27 126  30  32  99  39   3
   4  37  68  38  72  43  10  59 124 100  62  95  48  51  50  39  58  55
 116 127  56 177 122 119 124  60 126 123   0 130 134 194   4 193  68 197
 240 115  90 202  76  13  78  79  80 209 182 115 244 125  84 215 120  27
  18 219  88 216 125 191  64 225  98 227] [135]
--- 22 packets received with 22 error(s) ---
[SYNC] New preamble detected @ 155061 (CFO 8984.51 Hz, STO 5)
[SYNC] Estimated SNR: 2.93 dB (4096 samples)
[MAC] Error in CRC, packet dropped [ 64   0 128 129   2   5   6   7  64   9  10  66  12  21  14   7 152  17
  26  19  22  21  22  23  28  25  31   9  28  31 158  11  48  32  35  59
  48  49 178  55  60  32  26  63  38  45   6  55  50  49  58  51 116  49
 150  23  60 121  63  63 124  55  30  63  96  65  98  67  68 101 110   7
  76  73  74  75  68 109 238  79 208  81  82  83  84  86  22  94  88  88
  30  91  84  93  94 159  96  97  98  99] [193]
--- 23 packets received with 23 error(s) ---
[SYNC] New preamble detected @ 162105 (CFO 8034.19 Hz, STO 1)
[SYNC] Estimated SNR: 2.94 dB (2048 samples)
[MAC] Error in CRC, packet dropped [136   1 130   3   4 133   6   7   8  13   8  11  12  15  14  15  16  17
 147  35 148  23 150  23  24  25  26  27  12  29  30  39  32  33  34  35
  36 101  38  39 168  41  54  43  46  45  46  13  56  49 186  51  54 181
  22  55 186  57  58  27  56  53 126  63  64   3 194  67  80  69   6  71
  74  73 202 195  78  77  78  79  88  89 210  83  88  69  86  87  24 123
  90  25 220 125 126  95  96 101 226 247] [195]
--- 24 packets received with 24 error(s) ---
[SYNC] New preamble detected @ 169155 (CFO -3724.98 Hz, STO 3)
[SYNC] Estimated SNR: 2.57 dB (2048 samples)
[MAC] Error in CRC, packet dropped [ 93 110 250 159  79 191 217 147 117 159  90 154  63 207  61 255 228  63
 124 107 108 191 123 180 253 102 252 250 191 254 198  86  79  83 236 222
 206 126 247 118 245 255 126 223 222 126 250 255 239 119 232 106 252 127
 241 247 116 246 251 122 127 247 253 175 175  46 253 175 255 175 222 250
 214 159 156 190 156 255 163 246 237 230 172 170 254 127 254 251 252 254
 251 251 191 191 204 242 221 199 143 169] [3]
--- 25 packets received with 25 error(s) ---
[SYNC] New preamble detected @ 176206 (CFO 10014.82 Hz, STO 6)
[SYNC] Estimated SNR: 1.80 dB (1024 samples)
[MAC] Error in CRC, packet dropped [ 80  16 218 221 224 228 232 244 176 180 184 255   9   5  15  13  25  28
  25 157 161  53  57  45  55  21 121 189  81  69  72  77  89  85  24 221
  65 101  96 105 117  81 120 109 129 133 205  15  14  91  13  27  45 119
  68 166 250 213 226 236  96 141 125 242 217  91  61  55 115  45  80 172
  18 158 130 200 195  63 134  63 230 212  67 108 168  64 166  24  17 177
 136  25  61  35 164  12 220 253 215   1] [231]
--- 26 packets received with 26 error(s) ---
[SYNC] New preamble detected @ 183253 (CFO -582.95 Hz, STO 5)
[SYNC] Estimated SNR: 2.78 dB (2048 samples)
[MAC] Error in CRC, packet dropped [114  90 159 227 203 115 179  76  36  69 167 229  23  87 213 215  47 206
 135 231 103 231 215 234  30  73 152 253  41 123 205 250 155  79 190 203
  11  75 223 196 142  76 174 253 159  79 237 206  63  78 158 239  15 239
 223 240  92 125 152 247  57 121 247 254 134 211 147 211 119  95 187 215
  52  52 244 247 159 117 149 254 156 214 191 247 183  95 247 219  90  94
 152 254 253 178  62 138  58 232 195 175] [105]
--- 27 packets received with 27 error(s) ---
[SYNC] New preamble detected @ 190298 (CFO 11229.52 Hz, STO 2)
[SYNC] Estimated SNR: 3.18 dB (512 samples)
[MAC] Error in CRC, packet dropped [  0  18  10   3   4   5  23   7   0   9  42  11  12  13  10   7  16  17
  26  19  20  21  22  19  24   9  18  27  28  29  78  31  32  37  34  35
  32  37  38  39  34  41  42  43  12  45  46  47  48  49  50  49  20  53
  54  55  56  57  58  59  60  57  62  61 192  65 210 195  68  69  68  71
  68   9  67  75  76  73  78  15 112  81  82  83  84  85  23 119  80 121
  24 219  92  93  94  31  96  97  96 115] [195]
--- 28 packets received with 28 error(s) ---
[SYNC] New preamble detected @ 197344 (CFO 9756.16 Hz, STO 0)
[SYNC] Estimated SNR: 2.99 dB (1024 samples)
[MAC] Error in CRC, packet dropped [128   1   2   2   4   5   6   7   8   1  11  11  12  13  76  15  16  16
  48  19  20  21  22  23  24  29  11  27  60  27  30  31 100  32  50  35
 174 165   6  35  38  41  26 187  68  41  46  47  48  49  48  55 176  53
  22  51  57  41  58 122  60  61  58  31  64  97  68   3  68  69  86  71
   9 105  78  79  76  73  70  79  80  89  90  67  84  85  94 214  88  89
  90 123  88  89  94  95 104  97  98  99] [195]
--- 29 packets received with 29 error(s) ---
[SYNC] New preamble detected @ 204392 (CFO -4693.11 Hz, STO 0)
[SYNC] Estimated SNR: 1.69 dB (2048 samples)
[MAC] Error in CRC, packet dropped [255 195 235 142 223 186 255 181 191  63 127 175 205 158  63  56 113 219
 159 188 221  95 191 126  15  59 217  31 223 190 223  21 247 250 255 237
 167  62 111 110 239  43 123 189  45  46  47 181 112 251 255 252  61 246
 119 254 191  91 191 252 255 191 191 199 205  59  83 103 157  94  79 253
 249 235 255 206  79 223 223 214 249 118 251 215 223  87  95 127 255 111
 127 126 253 254 253 125 233 255 123 239] [54]
--- 30 packets received with 30 error(s) ---
[SYNC] New preamble detected @ 211441 (CFO -2355.79 Hz, STO 1)
[SYNC] Estimated SNR: 1.01 dB (2048 samples)
[MAC] Error in CRC, packet dropped [192 118 167  31 214 159 135  23 254 237 217  95 207 239 191 127 237 110
 131 141 255 255 174 255 255 217 215 121 114 119 151  83 247 125 245  23
 158 223 255 191 219  93  95 155 155 242 219 255 223 110 245  95 159 127
 223  79 242 112  57 253 188  63 255 179 239 254 247 205 183  47 183 255
 253 189 255 255 190 111 239 191 254 118 239 249 255 191 255 191 183 190
 189 255 229 254 174  82 237 239  78   3] [220]
--- 31 packets received with 31 error(s) ---
[SYNC] New preamble detected @ 218495 (CFO 9873.16 Hz, STO 7)
[SYNC] Estimated SNR: 2.60 dB (1024 samples)
[MAC] Error in CRC, packet dropped [  0   1   0   3   5   5   6   7   8  73  10  15  12  13  10  79  16  17
  18  19 148  20  22  23  24  25  26  27  60  31  30  31 164  33  34  43
  12  33  38  39  40 169  42  59  12  61 110  47  48  49  50  51  52  53
  62  55  56  57 186  59 188  45  62  63  64   1  66  67  68  69  78  87
  72  77  74  79  76  77  78  79  80  81 210  83  80  85  86  87  88  73
  90  83 220  93  30  31 104  97  98  99] [195]
--- 32 packets received with 32 error(s) ---
[SYNC] New preamble detected @ 225539 (CFO -2493.46 Hz, STO 3)
[SYNC] Estimated SNR: 2.47 dB (2048 samples)
[MAC] Error in CRC, packet dropped [102  83 239 163 227 251 243  79 187 123 123 219 227 239 254 206 118 246
 255 233 180 212 247 215 189 255 253 173 255 231 239  31  55 247 110 151
 191 231 255 143  63 239 119 215 239 239 252 220  62 108 125 206 239 189
 255  95 237 127 109 237 255 237 239  63 126 111 239 170 238 207 255  59
 239 235 239 239 251 223 254 254 189 207 120 108 214 123 242 217 248  20
  45  63 166 136 201 238  17 177  92 170] [66]
--- 33 packets received with 33 error(s) ---
[SYNC] New preamble detected @ 232584 (CFO -4627.70 Hz, STO 0)
[SYNC] Estimated SNR: 1.96 dB (2048 samples)
[MAC] Error in CRC, packet dropped [235 143 233 223 247  27 246 236 255 127 125 221 206 255 103 171 223 239
 247 215 106   8  79 222 219  95 203 155 219 239 238 203 239 155 223 239
 221 189 254 223 223  63 223 223 230 127 222 174 207 191 239 239 252 241
 241 212 245 155  87 255 223  58 246 222 251 159 123 215 255 127  94 220
 247 149 247 223 251 119  95 150 247 183 215 191 124 159 127 216 243 217
  15 114 105  98 215  43 105 231 172  78] [36]
--- 34 packets received with 34 error(s) ---
[SYNC] New preamble detected @ 239637 (CFO -926.49 Hz, STO 5)
[SYNC] Estimated SNR: 2.37 dB (512 samples)
[MAC] Error in CRC, packet dropped [ 26  63 183  60  43  60  70 231 126 121 114 126 121 173 201 205 216 222
 244 255 254 222 114 237 249 254 177 254 241 125 251  61 217 155 185 255
 249 189 229 253 245 253 253 253 252 255 193 207 203 223 239 247 253 189
 242 255 255 253 247 244 245 251 243 143  91  62 115  63  55 127 103 111
  43 220 127 254 123 127 243 110 222  95 242 255 122 255 231 111 223 255
 251 255 255 255  51 215  91 255 156  56] [129]
--- 35 packets received with 35 error(s) ---
[SYNC] New preamble detected @ 246682 (CFO 10420.73 Hz, STO 2)
[SYNC] Estimated SNR: 2.32 dB (2048 samples)
[MAC] Error in CRC, packet dropped [  0   0   0 225 201  32 192 195 131   1   3 193   3  99 227 195   2  96
 194 195 135 103 166 246  18  99 162  35   3  39 147 236  36   0  68 108
  76 101 138 227   6   4   0  65   9  47 131 198  14  44 236  78   6 240
 135 247  14 110  78  87 135  79   7  96   8  64  81  96  16 177 137 250
  10  35  19  89 137 225 193 244  30 124 180  96   8  21 142 230   3 114
  66 241 147 159 135 232   8  44  24  96] [246]
--- 36 packets received with 36 error(s) ---
[SYNC] New preamble detected @ 253728 (CFO -1413.21 Hz, STO 0)
[SYNC] Estimated SNR: 2.09 dB (2048 samples)
[MAC] Error in CRC, packet dropped [115 178 252 125 162 172 251 140 252 150  59 189 174 172 232 173 184 182
 190 254 195 204 207 222 242 222 222 222 249 254 108 110 243 246 251 255
  33  77 191  12 125 255 249  15 125 101 111 191 114 253 253 191 105 119
 221 206 251 255  89  93 209 237 121 253 247 125 249 125 209 174 201 239
 157 158 205 107  90  65 225 227  56  60  17  55 190  83  53 206  70  35
  50 173 123 172 117 209  87  55 222  88] [168]
--- 37 packets received with 37 error(s) ---
[SYNC] New preamble detected @ 260781 (CFO 5594.34 Hz, STO 5)
[SYNC] Estimated SNR: 1.43 dB (1024 samples)
[MAC] Error in CRC, packet dropped [240 182 184 184 193 205 200 204 209 212 216 184 229 236 235 232 240 252
 252 253 137  69 137 221 177 151 137  60  41 181  45  45  49 117 185  61
  85 129  93  77  83  69  91  95 241 103  45 109 121 181 249 125 199 149
 137 175  12  96 244 236  86 119 199  92  15  81 126 170 185 179  73   7
  27  65 166  83 115 245 161  64  84   9 112 230 149  83   8 153 174 102
 209 221 228 201  13 122 237  41 197  27] [229]
--- 38 packets received with 38 error(s) ---
[SYNC] New preamble detected @ 267824 (CFO -10151.69 Hz, STO 0)
[SYNC] Estimated SNR: 1.54 dB (2048 samples)
[MAC] Error in CRC, packet dropped [221 223 183 255 253 255 254 255 219 254 254 222 247 175 254 223 254 255
 255 253 127 255 254 127 255 255 252 251 235 243 239 239 255 191 207 255
 251 255 223 255 254 223 221 222 254  87 253 255 255 190 173  63 255 127
 255 255 253 255 183 255 251 255 255 255 254 160 219 162 136 247  10 101
 203  75  74  75 176  86  13 138 126 101 161  53  25  88  51 146 208 220
  45 130 186  21  22 199 136  10  31  64] [171]
--- 39 packets received with 39 error(s) ---
[SYNC] New preamble detected @ 274877 (CFO -2347.46 Hz, STO 5)
[SYNC] Estimated SNR: 2.64 dB (2048 samples)
[MAC] Error in CRC, packet dropped [213 193  65 219 131 227 139 202 174 219  15 199 239 198  85  68 157 223
  63 205 151 238 118 119 222 199 111  95 183 236 155  76 152 223 173 255
 139 234  94 223 159 219 187 207 219 238 156 110 174 223 205 127 189 206
 239  94 175 239  47 239 255 249 255 115 215 247  49 255 219 250 155 218
 158 215 215 115 215 206 157 214 244 253 181 213 253 214  87  94 215 215
  63  23 247 221  42 250 216 242 251 176] [107]
--- 40 packets received with 40 error(s) ---
[SYNC] New preamble detected @ 281926 (CFO -5063.15 Hz, STO 6)
[SYNC] Estimated SNR: 2.31 dB (2048 samples)
[MAC] Error in CRC, packet dropped [228 215 255 255  94 191 255 254 254  95 207 111 155 211 171 219 255  31
 159 191 221  29 127 255 223 255 223 191 242 117 255 115 254  63 255  55
 238 127 191 255 254 255 255 127 184 255 179 187 254 191 255 255 253 181
 254  63 221 255 255 255 253 247 255 255 231 255 239 127 253 111 239 255
 239 233 239 207 249 117 251 251 250 127 255 255 254 237 247  95 254 127
 255 127 251 125 247 243 223 181  47  97] [117]
--- 41 packets received with 41 error(s) ---
[SYNC] New preamble detected @ 288971 (CFO -6266.40 Hz, STO 3)
[SYNC] Estimated SNR: 1.89 dB (4096 samples)
[MAC] Error in CRC, packet dropped [243 175 127 255 241 255 253 245 221 159 251 255 247 239 223 252 243 237
 255 253 253 187 249 252 249 252 255 255 241 252 254 253 239 239 221 254
 249 253 222 125 155 255 159 221 253 247 191  63 247 251 255 255 247 189
 255 253 239 255 223  95 245 247 187 247 122 207 237 255 253 255 250 255
 239  87 155 191 158 193  70 151  14 166  79  81 196 218 175 145   6 185
 168 223 120 235 249 147 175   9 208 217] [54]
--- 42 packets received with 42 error(s) ---
[SYNC] New preamble detected @ 296018 (CFO 9855.53 Hz, STO 2)
[SYNC] Estimated SNR: 3.16 dB (512 samples)
[MAC] Error in CRC, packet dropped [  0  16  32  56 160 120  32 124   0  80  48 176 224 248 224 241   1 145
  97 153  65  88  97 112 129 197 240 185 225 201 224 250  51  16  34  50
  35  67 115 104 138 130  22 146  66 234  96 115 129   3  33 182 193  51
  99 251 195 145  51 147 195 249 243 248   2  30  32  82   4  84  96  50
 134 212 156 180 196  82 246 244   7 146   5 243 231  14 117 119 132 148
 180 182 193 236 226 250   6  51  34 188] [59]
--- 43 packets received with 43 error(s) ---
[SYNC] New preamble detected @ 303071 (CFO 8603.94 Hz, STO 7)
[SYNC] Estimated SNR: 3.52 dB (2048 samples)
[MAC] Error in CRC, packet dropped [ 18   1   2 131   4   5   6   7   8   9  10  11  12  15  14 143  16   1
  18  19   4  21  18  23  24  25  26  27  28  31  62  95  32  33 234  35
  68  37  38  39  40  41  42  43 100  45 174  47  52  49  50  51  62  53
  55  55  56  57  58  59  61 189  62  63  66  69  67  73  68  87  70  71
  72  73 106  75  76  77  78  79  80  81  82 211  84  85  86  87 120  89
  26 127  28  93  94  91  96  97  98  99] [195]
--- 44 packets received with 44 error(s) ---
[SYNC] New preamble detected @ 310117 (CFO 10150.00 Hz, STO 5)
[SYNC] Estimated SNR: 4.16 dB (1024 samples)
[MAC] Error in CRC, packet dropped [  0   1 132   3  68   5   4   2  16   8  14  14   8  13  12  62   0  56
  34  23  18  18  36  18  16  16  50  31  28  29  30  30  96  33  36   3
 108  46 100   6  57  17  42   1  56  56  14  46 112  50  52  34  44 118
 124  54  56  49  84  59 124  56  60  62 128   2  64   3 132  69 206  14
 128 131 200  83  88  25 222 143 144   3  36  99 228  34  70 206 248 121
 146 126  72 156  62 154  64 192 102  67] [134]
--- 45 packets received with 45 error(s) ---
[SYNC] New preamble detected @ 317163 (CFO 8920.12 Hz, STO 3)
[SYNC] Estimated SNR: 3.80 dB (512 samples)
[MAC] Error in CRC, packet dropped [ 36 129   2  67   4   5   6   7   0  11  10  11  12  13  14  15 144  17
  18  51  28  21  22  55  60  25  26  27  28  29  30  31  32  33 162  35
  36  33 166  39  40  41  42  43  45  45  46  47  48  49  50  51  52  53
  62  55  56  57  58  59  60  61  62  63  64  65  66  67  68  69  70  71
 104  73  74  75  76 205  78  77  80  81  82  83  84 117  86  87  92  89
  90 123  92  93  94  95  98  97  98 227] [193]
--- 46 packets received with 46 error(s) ---
[SYNC] New preamble detected @ 324209 (CFO 9599.76 Hz, STO 1)
[SYNC] Estimated SNR: 4.55 dB (1024 samples)
[MAC] Error in CRC, packet dropped [  0   1   2   3   4   5   6   7   8   9  10  11  12  13   6  11  16  17
  18  19  20  21  22  23  24   9  26  27  28  93  30  31  32  33  34   3
  36  37  38  39  40 121  42  43  44  13  46  46  50  49  35  51  52  53
  52  55  56  41  58  59  60  53  62  63  64  67   2  67  68   5  70  71
 200  73  74  75  76  77  78  79  80  81  82  81  20  85  86  87  88  89
 218  75  92 221  94  95  96  97 114  99] [195]
--- 47 packets received with 47 error(s) ---
[SYNC] New preamble detected @ 331258 (CFO 11343.39 Hz, STO 2)
[SYNC] Estimated SNR: 3.46 dB (1024 samples)
[MAC] Error in CRC, packet dropped [  0   1   2   3   4   5   6 135   8   9  10  11  12  13  14  13  16  17
  18  19  20  17  22  23   9   9  10  27  28  29  31  95 160  33  34  35
  36  37   4  39  40  40  42  43  44  45  46  47  48  49  50  51  52  53
  54  39  58  41  18  59  60  45  54  63  64  69  66  67  68  69  66   5
  74 107  74  73  76  77  78  79  80  81  83  83  84  85  86  85  88  89
  88  91  92  85  94  95  96  97  98  99] [195]
--- 48 packets received with 48 error(s) ---
[SYNC] New preamble detected @ 338310 (CFO 8110.44 Hz, STO 6)
[SYNC] Estimated SNR: 2.52 dB (1024 samples)
[MAC] Error in CRC, packet dropped [  4  17   3   3   4   5   6  71  72   9  10  42  12  13  14  31  20  17
  82  23  20   5  22  23  28  25  26  27  28  29  22  25  32  34  38  35
  37 165  38  47  40 105 106  42  44  77  46  47  48  49  34  51  54  53
  34  53  62  57 122  59  60  61  62  63  64  65  74  67  68  69  70  71
  77  73  72 107 204  13  78  79 208  81  59  83  84  85  85  95  88  89
  90  91  92  95  94  95 104  97  98  99] [195]
--- 49 packets received with 49 error(s) ---
[SYNC] New preamble detected @ 345353 (CFO 10239.01 Hz, STO 1)
[SYNC] Estimated SNR: 4.49 dB (2048 samples)
[MAC] Error in CRC, packet dropped [  2   0   2   0   3  12   7   0   3   8   6   8  28  28  14  32   0   2
   2  40  44  44  22  16  16  16  22  56  24  60  30  64  32 102  98  64
  45  44  47  48  66  12  30  44  40  12  47  96  50 100  99 120  49 116
  62  56  59  48  55  60  62  60 126 128 129   2   2 128   8 140  15  72
   3 218   3 249  72 204  15 240  70  36  71 128 239 100  22 152  82  60
  98  56 158  54 223  96 194  98  67 135] [109]
--- 50 packets received with 50 error(s) ---
[SYNC] New preamble detected @ 352405 (CFO 8954.64 Hz, STO 5)
[SYNC] Estimated SNR: 1.55 dB (2048 samples)
[MAC] Error in CRC, packet dropped [  1  65 162   2 195 131 150   0  65   4 199   0 151   3 200   8  19   4
 199  14 171  11 236  10 206  15 142  78  79   7 208  16 146  81 190   1
 150 131 150  12 140  16 134  62   5 182 136  96   0  11 222  18  73 139
 140  29 188 156 151  14 153 191 160  32 128  56 192  97  55 243 228  48
   4  47 135  39   3  35 224  40 153  57 174  32 125 179 142  31 236 189
 191  38  42  63 240 121 240 177 225  14] [64]
--- 51 packets received with 51 error(s) ---
[SYNC] New preamble detected @ 359453 (CFO 11327.11 Hz, STO 5)
[SYNC] Estimated SNR: 4.24 dB (4096 samples)
[MAC] Error in CRC, packet dropped [  0   0   2   2   4  12  14   6  80   1   0   2  12  10  12  15  16  17
   6  19  16  23   6   6  16  17  24  26  24  24  14  31   0  65  34   7
  32 109  38  46   0 105   2  14  12  73 110 110  48  80  51  34 124  60
  54  39 120  51 112  58  56  59  62  63   0   1  34  67 128  70  70  78
 200  65  68  74  72 201 222  15   0  82 130  82 192 113  84  83  56  89
  82  18  60  93  92  94  72  99  66  67] [2]
--- 52 packets received with 52 error(s) ---
[SYNC] New preamble detected @ 366497 (CFO 9509.55 Hz, STO 1)
[SYNC] Estimated SNR: 3.84 dB (1024 samples)
[MAC] Error in CRC, packet dropped [  0   1   2   3  12   5   4   7  76   9  14  11  44  13  78  15  24  17
  18  19  21  93  22  23  24  25  26  27  28  29  31  31  32  33  50  35
 164  37  38  39  56 169  34  43  44  45  46  47  48  49  50  51  52  53
  54  50  60  57  58  59  60  61  61  63  64  65  66  67  68  69  70  71
  72  73  74  75  76  77  78  79  80  81  82  83  84  85  86  87  88 123
  90  91  92  93  94  95  96  97  98  99] [193]
--- 53 packets received with 53 error(s) ---
[SYNC] New preamble detected @ 373544 (CFO 8115.96 Hz, STO 0)
[SYNC] Estimated SNR: 3.08 dB (2048 samples)
[MAC] Error in CRC, packet dropped [128   1  18 151   4   5   6   7  40   9  26  11  12   5  14  15  24  21
  18 147  20  21  86  23 152  25  26  27  28  29  30 159  32  33  50  35
  36  37  34  39  40  45  42  43  44  45  46  47  48  51  50  51  52 125
  54  55  56 121  50  43  28  61  62 191  80  65  82  67 108  69  70  87
  73  89  74 203 204  77  86 207  82  65  82  83  84  93  86  87  88  89
  91 123  92 127  94  95 104  97  98  99] [135]
--- 54 packets received with 54 error(s) ---
[SYNC] New preamble detected @ 380594 (CFO 11041.38 Hz, STO 2)
[SYNC] Estimated SNR: 2.81 dB (4096 samples)
[MAC] Error in CRC, packet dropped [  0   1  10   1   4   0   6   7   8 128  10  11  12   9  10  15  17  17
  16   3  21  21  22  23  24   8  10  27  60  29  26  31  48  32  96   3
  32  36  38  14 172  33 170  11  41   5 174  71 128  55  48  56  52  53
  54  51  60  60  58  57  60  55 188  63  64  65  66  67  68  69  78  69
   8  73  30 107 204  13  78  79 208  81  18  83  84  81  86  87 120  25
  91  91  12  94  14  31 112  97  66 115] [195]
--- 55 packets received with 55 error(s) ---
[SYNC] New preamble detected @ 387646 (CFO 9499.95 Hz, STO 6)
[SYNC] Estimated SNR: 4.88 dB (2048 samples)
[MAC] Error in CRC, packet dropped [  0   1   2   3   4   5   6   7   8  41  10  11  12  13  14  15  16 145
  18  19  22  21  22  23  24  25  24  27  28  29  30  31  33  33  34  99
  36  37  38  39  40  41  42  43  12  45  46  47  48  49  50  51  52  53
  54  55  56  57  58  59  60  61  62  63  64  65  66  67  68  71   6  71
  72  72  72  75  76  77  78  79  80  81 210  83  84  85  86  83  88  25
  90  27  84  93  94  95  98 101  98  99] [198]
--- 56 packets received with 56 error(s) ---
[SYNC] New preamble detected @ 394689 (CFO 9143.35 Hz, STO 1)
[SYNC] Estimated SNR: 4.84 dB (2048 samples)
[MAC] Error in CRC, packet dropped [  0   1   0   3  12  21   4   7  12   9  10   3  28  11  14  31  16  16
  18  83  28  29   6  46  24  57  26  27  28  29  30  63  96 113  98 107
  44 101  38  39  56   9  46 111 108 109 254  47  48  49 112  54  52  39
  54  55  48  57  62  59  60 121  62 127 200  65   2 195 196  65   6  79
  72  73  74  83  92 203  78  78  80  81 118  67  80 245  20  95  49  81
  86  91 184 124  30  31 224  97 102  99] [195]
--- 57 packets received with 57 error(s) ---
[SYNC] New preamble detected @ 401741 (CFO 9220.67 Hz, STO 5)
[SYNC] Estimated SNR: 5.34 dB (2048 samples)
[MAC] Error in CRC, packet dropped [  0   1   2   3   4   4   6   7   8   9  10  11   8  13  14  15  16  17
  18  19  20  21  22  23  24  25  26  27  28  29  30 159  32  33  34  35
  36  37  38  39  40  41  42  43  44  45  47  47  48  49  50  51  52  53
  54  55  56  57  58  59  60  61  62  63  64  65  66  67  68  69  70  71
  72  73  74  11  76  77  78  79  80  81  82  83  84  85  86  87  88  89
  90  91  92  85  94  31  96  97  98  99] [195]
--- 58 packets received with 58 error(s) ---
[SYNC] New preamble detected @ 408786 (CFO 8870.28 Hz, STO 2)
[SYNC] Estimated SNR: 5.48 dB (4096 samples)
[MAC] Error in CRC, packet dropped [  0   1 130   3   4   5   6   7   8   9  10  11  12  13  14  15  16  17
  18  19  20  21  22  23  24  25  90  27  28  29  30  31  32  33  34   3
 100  37  36  39  40  41  42  42  44  45  46  47  16  49  50  51  54 117
  54  55  56  57  58  59  60  63  62  63  64  65  66  67  68  69  70  71
  72  73  74  74  76  77  78  79  80  81  82  82  84  87  86  87  92  89
  90  91  92  93  94  87  96  97  98  99] [195]
--- 59 packets received with 59 error(s) ---
[SYNC] New preamble detected @ 415832 (CFO 9499.08 Hz, STO 0)
[SYNC] Estimated SNR: 6.32 dB (512 samples)
[MAC] Error in CRC, packet dropped [ 0  1  2  3  4  5  6  7  8  9 10 11 12 13 14 15 16 21 18 19 20 21 22 23
 24 25 26 27 29 29 30 31 48 33 34 35 36 37 38 39 40 41 42 43 44 37 46 47
 48 49 50 51 52 53 54 55 56 57 58 59 60 61 62 63 64 65 66 67 84 69 70 71
 72 73 74 75 76 77 78 79 80 81 80 83 84 85 86 87 88 89 90 91 92 93 94 95
 64 97 98 99] [195]
--- 60 packets received with 60 error(s) ---
[SYNC] New preamble detected @ 422882 (CFO 9800.41 Hz, STO 2)
[SYNC] Estimated SNR: 6.00 dB (1024 samples)
[MAC] Error in CRC, packet dropped [  0   1   2   3   4   5   6   7   8   9  10  11  12  13  14  79  16  17
  18  19  20  21  22  23  24  25  26  27  28  29  30  31  32  33  34  35
  52  37  38  35  40  41  42  43  36  45  46  47  48  49  50  51 180  49
  54  55  56  57  58  59  60  61  62  63  64  65 192  67  68  69  70  71
  72  73  74  75  76  77  78  79  80  81 210  83  84  85  86  23  88  89
  90  91  92  93  94  91  96  97  98  99] [195]
--- 61 packets received with 61 error(s) ---
[SYNC] New preamble detected @ 429932 (CFO 10775.86 Hz, STO 4)
[SYNC] Estimated SNR: 5.95 dB (2048 samples)
[MAC] Error in CRC, packet dropped [ 0  1  2  3  4  5  6  7  8  1 10 11 12 13 14 15 16 17 18 19 20 21 22 23
 24 25 26 27 28 29 30 31 32 33 34 35 36 37 38 35 40 41 42 43 44 45 46 47
 48 49 50 51 52 52 54 55 56 57 58 59 60 61 62 63 64 65 66 67 68 69 70 71
 72 73 74 75 76 77 78 78 80 81 82 83 84 85 86 87 88 25 90 91 92 93 94 95
 96 97 98 99] [195]
--- 62 packets received with 62 error(s) ---
[SYNC] New preamble detected @ 436980 (CFO 9627.19 Hz, STO 4)
[SYNC] Estimated SNR: 5.10 dB (4096 samples)
[MAC] Error in CRC, packet dropped [  0   1   2   3  68   5   6   7   8   9   2  27  12  13  30  14  48  16
  18  19  28   5  22  23 152  25  26  27  28  25  28  63  32   1  34  35
  36  39  38  39   8  41  42  11  60 109  44  47 112  49  50  51  52 117
 174  55  56  49  58  58 124  37  62  62  64  67  66  67  68  68  78  14
 201  73  74  74  92  73  78 207 192  97  86  82  20  84  86  86  88  89
 106 153 124  89  94  95 224  99  98 103] [195]
--- 63 packets received with 63 error(s) ---
[SYNC] New preamble detected @ 444029 (CFO 10800.43 Hz, STO 5)
[SYNC] Estimated SNR: 4.42 dB (1024 samples)
[MAC] Error in CRC, packet dropped [  0   1   2   3   4   5   6  21   8   9  10  11  12  13  14  15  16   1
  18  19  16  21  22  23  24  17  26  11  20  13  30  29  34  33  34  35
  36  37  38  39  40  41  42  43  44  37  46  47  48  49  50  51  52  53
  54 183  56  61  58  59  60  61  62  63  64  65   2  67  68  69  70  71
  72  73  74  75  68  77  78  79  80  81  82  83  84  85  86  87  88  89
  90  91  92  93  94  95  96  97  98  99] [195]
--- 64 packets received with 64 error(s) ---
[SYNC] New preamble detected @ 451077 (CFO 9549.69 Hz, STO 5)
[SYNC] Estimated SNR: 4.49 dB (4096 samples)
[MAC] Error in CRC, packet dropped [128   1   2   3   4  39  70   7   8   9  10  11  12  15  14  15  16  17
  82  19  20  53  22  23  16  25  26 155  28  28  30  31  32  33  34  35
  36  37  38  39  32  41 170  59  14  47  46  47  48  33  50  51  60  53
  54  55  48  57  50  58  60  61  62  63  66  67  66  67  68  69  70  71
  72 201  74  75  76  77 206  79  80  81  66  83  84  85  70  87  88  89
  90  91  92  93  30 223  96  97  98 107] [195]
--- 65 packets received with 65 error(s) ---
[SYNC] New preamble detected @ 458121 (CFO 8458.76 Hz, STO 1)
[SYNC] Estimated SNR: 4.82 dB (2048 samples)
[MAC] Error in CRC, packet dropped [  0   1   2   3   4   5  38   7   8   9  10  11  12  13  14  15  16  17
  18  83  28  21  22  23  24  25  26  91  28  31  30  31  32  33  34  35
  36  37  38  39  57  41  42  43  44  45  46  47  48  49  50  51  52  53
  54  55  56  57  58  59  60  61  62  63  66  65  66  67  68   5  70  67
  74  73  75  75  76  77  78  79  80  81  82  83  84  85  86  87  88  89
  90  91  92  93  94  31  96  97 106  99] [195]
--- 66 packets received with 66 error(s) ---
[SYNC] New preamble detected @ 465170 (CFO 9502.22 Hz, STO 2)
[SYNC] Estimated SNR: 7.82 dB (2048 samples)
[MAC] Error in CRC, packet dropped [128   1   3   3   4   0   3   7 136   1 142   5  12   5  15  47 136  16
  18  17  24  14 131  23  24   8  25  11  12  29  14  31  16  33  48  19
 150  55 178  55 160   5  10  13 172  21 183  47  56  16 145  59  22  23
  58  51  28  60  27  63  60  61 159  63  32  32 194  97 166  99 163  35
  72  73   9  73  44  77   6 103 136  81 114  35  88 100 119  75 216  89
 126  27 220  92  78 111  96 113 114 113] [193]
--- 67 packets received with 67 error(s) ---
[SYNC] New preamble detected @ 472221 (CFO 9563.95 Hz, STO 5)
[SYNC] Estimated SNR: 7.71 dB (2048 samples)
[MAC] Error in CRC, packet dropped [ 0  1  2  3  4  5  4  7  8  9 10 11 12 13 14 15 16 17 18 19 20 21 22 23
 24 25 26 27 28 29 30 31 32 33 34 35 36 37 38 39 40 41 42 43 44 45 46 47
 48 49 50 51 52 53 54 55 56 57 58 59 60 61 62 63 64 65 66 67 68 69 70 71
 72 73 74 75 76 77 78 79 80 81 82 83 84 85 86 87 88 89 90 91 92 93 94 95
 96 97 98 99] [195]
--- 68 packets received with 68 error(s) ---
[SYNC] New preamble detected @ 479268 (CFO 10866.87 Hz, STO 4)
[SYNC] Estimated SNR: 6.98 dB (4096 samples)
[MAC] Error in CRC, packet dropped [ 0  1  2  3  4  5  6  7  8  9 10 11 12 13 14 15 16 17 18 19 20 21 22 23
 24 25 26 27 28 25 30 31 32 33 34 35 36 37 38 39 40 41 42 43 44 45 46 47
 48 49 50 51 52 53 54 55 56 57 58 59 60 61 54 63 64 65 66 67 68 69 70 71
 72 73 74 75 76 77 78 79 80 81 82 83 84 85 86 87 88 89 90 91 92 93 94 95
 96 97 98 99] [195]
--- 69 packets received with 69 error(s) ---
[SYNC] New preamble detected @ 486315 (CFO 9402.31 Hz, STO 3)
[SYNC] Estimated SNR: 7.07 dB (512 samples)
[MAC] Packet demodulated:  [ 0  1  2  3  4  5  6  7  8  9 10 11 12 13 14 15 16 17 18 19 20 21 22 23
 24 25 26 27 28 29 30 31 32 33 34 35 36 37 38 39 40 41 42 43 44 45 46 47
 48 49 50 51 52 53 54 55 56 57 58 59 60 61 62 63 64 65 66 67 68 69 70 71
 72 73 74 75 76 77 78 79 80 81 82 83 84 85 86 87 88 89 90 91 92 93 94 95
 96 97 98 99] [195]
--- 70 packets received with 69 error(s) ---
[SYNC] New preamble detected @ 493362 (CFO 9687.40 Hz, STO 2)
[SYNC] Estimated SNR: 6.74 dB (2048 samples)
[MAC] Error in CRC, packet dropped [  0   1   2   7   4   7   6  15   8   9  14  26  12  13  30  15  16  48
  22  19  16  57  22  31  56  17  56  27  28  27  30  30  32  37  34  35
  36  36   6 110  72  19 162  11  40 127  62  63 112 113  54  51  60  36
  62  54  48  57  58 123  56  63 126  63  64  64 194   7 204  71  68   7
  64 201 202  67  72 221  94 207  80 209  80  70  16  84  84 119  88 217
 146  91 220  93  92  94  64  97  98  99] [195]
--- 71 packets received with 70 error(s) ---
[SYNC] New preamble detected @ 500414 (CFO 9717.12 Hz, STO 6)
[SYNC] Estimated SNR: 6.11 dB (2048 samples)
[MAC] Error in CRC, packet dropped [124  44  64 204   0   6   8  14  24  28  24  14  32  34  48  38  56  54
  60  28  64 102  44  44   8  36  40 108  32 116 104 100  48 112  60  60
 192 130 192 204 208 210 216 142  96  36 224  92  56  20 248 188  96  68
  68  76 208  86 232 126 240 114 240 238 240 244 120 253 129 132   9 133
 128  22   8 140 145 133   8 166  48  17 156  61  33 226  33  14  16  69
  29 188 112  32 120  37  48 117 121  60] [128]
--- 72 packets received with 71 error(s) ---
[SYNC] New preamble detected @ 507456 (CFO 10298.53 Hz, STO 0)
[SYNC] Estimated SNR: 7.28 dB (1024 samples)
[MAC] Error in CRC, packet dropped [  0   1   2   3   4   5   6   7   8   9  10  11  12  13  14  15  16  17
  18  19  20  21  22  23  24  25  26  27  28  29  30  31  32  33  34  35
  36  37  38  39  40  41  42  43  44  45  46  47  48  49  50  51  52  53
  54  55 120  57  58  59  60  61  62  63  64  65  66  67  68  69  70  71
  72  73  74  75  76  77  78  79  80  81  82  83  84  85  86  87  88  89
  90  91  92  93  94  95 100  97  98  99] [195]
--- 73 packets received with 72 error(s) ---
[SYNC] New preamble detected @ 514504 (CFO 9086.82 Hz, STO 0)
[SYNC] Estimated SNR: 6.83 dB (2048 samples)
[MAC] Error in CRC, packet dropped [ 0  1  2  3  4  5  6  7  8  9 10 11 12 13 14 15 16 25 18 19 20 21 22 23
 24 25 26 27 28 29 30 31 32 33 34 35 36 37 38 39 40 41 42 43 44 45 46 47
 48 49 50 51 52 53 54 55 56 57 58 59 60 61 62 63 64 65 66 66 69 69 70 71
 72 73 74 75 76 77 78 79 80 81 82 83 84 85 86 87 88 89 90 91 92 93 94 95
 96 97 98 99] [195]
--- 74 packets received with 73 error(s) ---
[SYNC] New preamble detected @ 521557 (CFO 9866.59 Hz, STO 5)
[SYNC] Estimated SNR: 6.83 dB (2048 samples)
[MAC] Error in CRC, packet dropped [  0   1   2   3   4   7   6   7   8   9  10  11  12  13  14  15  16  17
  18  19  21  21  22  23  24  25  26  27  28  29 158  31  32  33  34  35
  38  37  38  39  40  41  42  43  44  45  38  47  48  49  50  51  52  53
  22  55  56  57  58  59  60  61  62  63  64  65  66  67  68  69  70  71
  72  73  74  75  76  77  78  79  80  81  82  83  84  81  86  87  88  89
  90  91  92  93  94  95  96  97  98  99] [195]
--- 75 packets received with 74 error(s) ---
[SYNC] New preamble detected @ 528606 (CFO 9118.34 Hz, STO 6)
[SYNC] Estimated SNR: 7.76 dB (4096 samples)
[MAC] Error in CRC, packet dropped [  0   1   2   3   4   5   6   7   8   9  10  11  12  13  14  15  16  17
  18  19  20  21  22  23  24  25  26  27  28  29  30  31  32  33  34  35
  36  37  38  39  40  41  42  43  44  45  46  47  48  49  50  51  52  53
  54  55  56  57  58  59  60  61  62  63  64  65  66  67  68  69  70  71
  72  73  74  75  76  77  78  79 112  81  82  83  84  85  86  87  89  89
  90  91  92  93  94  95  96  97  98  99] [195]
--- 76 packets received with 75 error(s) ---
[SYNC] New preamble detected @ 535655 (CFO 9053.63 Hz, STO 7)
[SYNC] Estimated SNR: 8.38 dB (1024 samples)
[MAC] Error in CRC, packet dropped [128   0   1   3 132   5 134   7 140   8 130  11  12  13   6   7  16   1
  27  19 146   1  22  23 140  29  11  31  28  13  15  31  32  33  50  35
  36  37  54  39  44  33  43  19  44  45  47  63  56  49 146  19  52  53
  55  63  56  57  26  59 156  63 191  63 224  97  66  35  68 103 198  71
  72  65  72  11   4  69  14  15 144 121 211  75  84  73 118  47  88  57
 122  95  92  93 222  95  96  97 112 115] [195]
--- 77 packets received with 76 error(s) ---
[SYNC] New preamble detected @ 542702 (CFO 9311.78 Hz, STO 6)
[SYNC] Estimated SNR: 8.26 dB (2048 samples)
[MAC] Packet demodulated:  [ 0  1  2  3  4  5  6  7  8  9 10 11 12 13 14 15 16 17 18 19 20 21 22 23
 24 25 26 27 28 29 30 31 32 33 34 35 36 37 38 39 40 41 42 43 44 45 46 47
 48 49 50 51 52 53 54 55 56 57 58 59 60 61 62 63 64 65 66 67 68 69 70 71
 72 73 74 75 76 77 78 79 80 81 82 83 84 85 86 87 88 89 90 91 92 93 94 95
 96 97 98 99] [195]
--- 78 packets received with 76 error(s) ---
[SYNC] New preamble detected @ 549745 (CFO 9460.32 Hz, STO 1)
[SYNC] Estimated SNR: 7.63 dB (512 samples)
[MAC] Error in CRC, packet dropped [  0   1   2   3   4   5   6   7   8   9  10  11  12  13  14  15  16  17
  18  19  20  21  22  23  24  25  26  27  28  29  30  31  32  33  34  35
  36  37  38  39  40  41  42  43  44  45  46  47  48  49  50  51  52  53
  54  55  56  57  58  59  60  61  62  63  64  65  66  67  68  69  70  71
  72  73  74  75  76  77  78  79  80  81  82  83  84  85  86  87  88 121
  90  91  92  93  94  95  96  97  98  99] [195]
--- 79 packets received with 77 error(s) ---
[SYNC] New preamble detected @ 556794 (CFO 8973.25 Hz, STO 2)
[SYNC] Estimated SNR: 7.29 dB (1024 samples)
[MAC] Error in CRC, packet dropped [128   1   2   3   4   5   7   7  12   9 138  11  12  13  14  15 144  17
  18  19  20  21  22  23  24  25 155  27  28  29  14  31  32  33  34  35
  36  39  38  39  40  33  10  43  44  45  46  47  16  57  50  59  52  53
  54  55 152  57 122  59 188  61  62  63  64  65  66  67   4  85  71  71
  72  73  74  75  76  79  79  79  80  81  82  83  84 117  86  87 216  89
  91  91 220  93  94  95  96  97  98  99] [195]
--- 80 packets received with 78 error(s) ---
[SYNC] New preamble detected @ 563844 (CFO 9563.50 Hz, STO 4)
[SYNC] Estimated SNR: 4.98 dB (512 samples)
[MAC] Error in CRC, packet dropped [245 171 176 188  32   0   8   8  48  20  24  28  64  36   8 104  49 100
  56 124  64 132  72 220  16  80 248 116  96 100 122  76 112 100 120 124
   0 132 145 140 128 197 152  28 224  40 120 173  97 180 248 184 129 221
 192 204 128 208 152 254 224 228 229 200 224 229 248 251   1   5   1  12
  17  18  27  61  33   5  27  60 115  55 123  61  67 133 138 141  48  86
  91  94  66 100 233 122 113 111 113 253] [129]
--- 81 packets received with 79 error(s) ---
[SYNC] New preamble detected @ 570890 (CFO 10002.95 Hz, STO 2)
[SYNC] Estimated SNR: 5.60 dB (1024 samples)
[MAC] Error in CRC, packet dropped [  0   1   2   3   4   5   6   7   8   9  10  11  12  13  14  15  16  17
  18  19  20  21  22  23  24  25 154  27  28  29  30  31  32  33  50  35
  36  37  46  39  40  41  42  43  44  45  46  47  48  49  50  51  52  53
  54  55  56  57  58  59  60  61  62  63  64  65  66  67  68  69  70  71
  72  73  74  75  76  77  78  79  80  81  82  83  84  85  86  87  88  89
  90  91  92  77  94  95  96  97  98  99] [195]
--- 82 packets received with 80 error(s) ---
[SYNC] New preamble detected @ 577937 (CFO 10125.85 Hz, STO 1)
[SYNC] Estimated SNR: 5.52 dB (512 samples)
[MAC] Error in CRC, packet dropped [ 0  1  2  3  4  5  6  7  8  9 10 11 12 13 14 15 16 17 18 19 20 21 22 23
 24 25 26 27 28 29 30 31 32 33 34 35 36 37 38 39 40 41 42 43 44 45 46 47
 48 49 50 51 52 53 54 55 56 57 58 59 60 61 62 63 64 65 66 67 68 69 70 71
 72 73 74 75 76 77 78 79 80 81 82 83 84 85 86 87 88 89 90 91 92 93 90 95
 96 97 98 99] [195]
--- 83 packets received with 81 error(s) ---
[SYNC] New preamble detected @ 584985 (CFO 10397.54 Hz, STO 1)
[SYNC] Estimated SNR: 5.86 dB (512 samples)
[MAC] Error in CRC, packet dropped [  0   1   2   3   4   5   6   7   8   9  10  11  12  13  14  15  16  17
  18  19  20  21  22  23  24  25 154  27  28  29  30  31  32  33 162  35
  36  37  38  39  40  41  42  43  44  45  46  47  16  49  50  51  52  53
  55  55  56  57  58  59  60  61  62  63  64  65  66  67  68  69  70  71
  72  73  74  75  76  77  78  79  80  81  82  83  84  85  86  87  88  89
  90  91  92  93 122  95  96  97  98  99] [195]
--- 84 packets received with 82 error(s) ---
[SYNC] New preamble detected @ 592039 (CFO 9366.34 Hz, STO 7)
[SYNC] Estimated SNR: 6.07 dB (2048 samples)
[MAC] Error in CRC, packet dropped [  0   1   2   3   4   5   6   7   8   9  10  15  12  12  14  15  16  17
  18  17  16  21  22  23  24  25  26  27  28  29  30  31  48  33 162  35
  38  53  38  55  32  49  42  43  44  46 174  47  48  49 186  49  54  53
  62  63  60  57  59  59  60  61 190  63  96  65  98  99  68  69  71  71
 200  73  74  75  76  77 110  15  88 113  80 115 116  84  82  19 120  89
  89  91  92  92 126  95 112 113  50  33] [195]
--- 85 packets received with 83 error(s) ---
[SYNC] New preamble detected @ 599082 (CFO 9913.86 Hz, STO 2)
[SYNC] Estimated SNR: 5.93 dB (2048 samples)
[MAC] Error in CRC, packet dropped [  0   1   2   3   4   5   6   7   8   9  10  11  12  13  30  15  16  17
  18  19  20  21  22  23  24  25  26  19  28  29  30  31  32  33  34  35
  36  37  38  39  40  41  42  43  44  45  46  47  48  49  50  51  52  53
  54  55  56  57  58  59  60  61  62  63  64  65  66  67  68  69  70  71
  72  73  74  75  76  77  78  79  80  81  82  81  84  85  86  87  88  81
  90  91  92  93 126  95  96  97  98  99] [195]
--- 86 packets received with 84 error(s) ---
[SYNC] New preamble detected @ 606129 (CFO 9645.96 Hz, STO 1)
[SYNC] Estimated SNR: 6.83 dB (1024 samples)
[MAC] Error in CRC, packet dropped [  0   1   2   3  12   1   6   7   8   9  10  11  12  13  14  15  16  17
  18  19  52  21  22  23  56  25  26  27  28  61  30  31  32  33  34  35
  36  37  38  39  40  41  42  43  44  45  46  47  48 113  50  51  36  53
  54  55  56  57  58  59  60  61  62  63  64  65  66  67  68  69  70  70
  72  73  74  75  76  77  78  79 112  81  82  83  20  85  86  87  88  89
  94  91  92  93  94  95 224  97  98  99] [195]
--- 87 packets received with 85 error(s) ---
[SYNC] New preamble detected @ 613181 (CFO 10684.25 Hz, STO 5)
[SYNC] Estimated SNR: 6.87 dB (2048 samples)
[MAC] Error in CRC, packet dropped [ 0  1  2  3  4  5  6  7  8  9 10 11 12 13 14 15 16 17 18 19 20 21 22 23
 24 25 26 27 28 29 30 31 32 33 34 35 36 37 38 39 40 41 42 43 44 45 46 45
 48 49 50 51 52 53 54 55 56 57 58 59 60 61 62 63 64 65 64 67 68 69 70 71
 72 73 74 74 76 77 78 79 80 81 82 83 84 85 86 87 88 89 90 91 92 93 94 95
 96 97 98 99] [195]
--- 88 packets received with 86 error(s) ---
[SYNC] New preamble detected @ 620230 (CFO 10093.68 Hz, STO 6)
[SYNC] Estimated SNR: 5.12 dB (1024 samples)
[MAC] Error in CRC, packet dropped [  0 129   2   3   4   5   6   7   8   9  10   9  12  13  46  47  16  17
  18  19  20  20  22  23  24  25  26  27  28  29  30  31  33  33   2  35
  36  37  38   7  40  41  42  43  44  45  46  47  48  49  50  19  52  53
  22  55  56  57  56  59  60  61  62  63  64  65  64  67  68  69  70  71
  72  73  74  75  76  77  78  79  80  85  82  83  84  87  86  87  88  89
  90  91  92  93  94 127  96  97  98  99] [195]
--- 89 packets received with 87 error(s) ---
[SYNC] New preamble detected @ 627273 (CFO 10473.78 Hz, STO 1)
[SYNC] Estimated SNR: 7.49 dB (512 samples)
[MAC] Packet demodulated:  [ 0  1  2  3  4  5  6  7  8  9 10 11 12 13 14 15 16 17 18 19 20 21 22 23
 24 25 26 27 28 29 30 31 32 33 34 35 36 37 38 39 40 41 42 43 44 45 46 47
 48 49 50 51 52 53 54 55 56 57 58 59 60 61 62 63 64 65 66 67 68 69 70 71
 72 73 74 75 76 77 78 79 80 81 82 83 84 85 86 87 88 89 90 91 92 93 94 95
 96 97 98 99] [195]
--- 90 packets received with 87 error(s) ---
[SYNC] New preamble detected @ 634322 (CFO -861.22 Hz, STO 2)
[SYNC] Estimated SNR: 8.84 dB (4096 samples)
[MAC] Error in CRC, packet dropped [ 32  19  86  71  28  31  79  47  24  31 158  95 156 159 191  31 176 187
  86  55  60 127  62  63  57 123  62  63  61  63  63 191 101  99 118 111
 124 127 111 239 250 255 126 127 127 127 126 127 240 127 119 119 125 127
 126 255 251 123 126 127 124 127 254 127 195 203 214 215 238 207 206 207
 252 219 222 223 222 223 222 223 176 243 247 247 252 255 254 255 248 251
 254 255 253 255 255 255 232 235 246 231] [207]
--- 91 packets received with 88 error(s) ---
[SYNC] New preamble detected @ 641370 (CFO 9317.70 Hz, STO 2)
[SYNC] Estimated SNR: 8.74 dB (2048 samples)
[MAC] Packet demodulated:  [ 0  1  2  3  4  5  6  7  8  9 10 11 12 13 14 15 16 17 18 19 20 21 22 23
 24 25 26 27 28 29 30 31 32 33 34 35 36 37 38 39 40 41 42 43 44 45 46 47
 48 49 50 51 52 53 54 55 56 57 58 59 60 61 62 63 64 65 66 67 68 69 70 71
 72 73 74 75 76 77 78 79 80 81 82 83 84 85 86 87 88 89 90 91 92 93 94 95
 96 97 98 99] [195]
--- 92 packets received with 88 error(s) ---
[SYNC] New preamble detected @ 648418 (CFO 9216.17 Hz, STO 2)
[SYNC] Estimated SNR: 7.25 dB (512 samples)
[MAC] Error in CRC, packet dropped [  0   1   2   3   4   5   6   7  24  11   2  11  12  13  14  14  16  49
  18  19  20  21  30  22  56  25  30  27  28  31  30  31  32  33  34  67
  36  37  36  47  40  41  42  42 108  47  46  15  48  49  38  51  52  55
  54 103  48  49  58  62  60  63  62  62  64  65  66 195  68  69  68  71
  72  89  72  91  76  72  94  95 112  81 210 243  68  85  86 215 112 217
  94  91  88 221  94  95  96  97  98 227] [195]
--- 93 packets received with 89 error(s) ---
[SYNC] New preamble detected @ 655469 (CFO 9141.73 Hz, STO 5)
[SYNC] Estimated SNR: 5.01 dB (1024 samples)
[MAC] Error in CRC, packet dropped [  0   1   2   3   4   5   6   7   8  73  10  11  12  13  14  15  16  17
  18  19  20  21  18  23  24  25  26  27  28  29  30  31  32  33  34  35
 100  37 102 103  40  41  42  43  44  45  46  47  48 113  50  51  54  53
  54  55  56  57  58  59  60  61  62  63  64  65  66  66  68  69  70  71
  72  73  74  75  76  77  78  79  80  81  82  83  92  85  86 215  88  89
  90  91  92  93  94  95  96  97  98  99] [195]
--- 94 packets received with 90 error(s) ---
[SYNC] New preamble detected @ 662513 (CFO 8647.56 Hz, STO 1)
[SYNC] Estimated SNR: 3.95 dB (1024 samples)
[MAC] Error in CRC, packet dropped 