---------------------------------------------------------------
LimeSuite Source (RX) info

##################
Connecting to device
##################
LimeSuite version: 22.09.1-myriadrf1~ubuntu20.04
gr-limesdr version: v1.0-compat-xxx-xunknown
##################
Device list:
Nr.:0 device:LimeSDR Mini, media=USB 3.0, module=FT601, addr=24607:1027, serial=1D7505D2B85BDA
##################
INFO: device_handler::open_device(): no serial number. Using first device in the list.
Use "LimeUtil --find" in terminal to find prefered device serial.
Using device: LimeSDR-Mini(1D7505D2B85BDA) GW: 1.29 FW: 6
##################

INFO: device_handler::enable_channels(): SISO CH0 set for device number 0.
INFO: device_handler::set_samp_rate(): set sampling rate: 0.4 MS/s.
INFO: device_handler::set_rf_freq(): RF frequency set [RX]: 876 MHz.
INFO: device_handler::set_analog_filter(): INFO: device_handler::set_digital_filter(): digital filter CH0 [RX]: 0.4 MHz.
INFO: device_handler::set_gain(): 
Clearing running sum before changing gain 
Actual : Short = 0 /  Long = 0
Clear : Short = 0 /  Long = 0
Set gain [RX] CH0: 60 dB.
Running : Short = 0 /  Long = 0
INFO: device_handler::set_antenna(): CH0 antenna set [RX]: LNAW.
INFO: device_handler::calibrate(): INFO: device_handler::set_dspcfg_preamble(): INFO: source_impl::init_stream(): source channel 0 (device nr. 0) stream setup done.
Press Enter to quit: [SYNC] New preamble detected @ 6 (CFO -6145.32 Hz, STO 6)
[SYNC] Estimated SNR: 23.40 dB (2048 samples)
[MAC] Error in CRC, packet dropped [255 255 255 255 255 255 255 255 255 255 255 255 255 255 255 255 255 255
 255 255 255 255 255 255 255 255 255 255 255 255 255 255 255 255 255 255
 255 255 255 255 255 255 255 255 255 255 255 255 255 255 255 255 255 255
 255 255 255 255 255 255 255 255 255 255 255 255 255 255 255 255 255 255
 255 255 255 255 255 255 255 255 255 255 255 255 255 255 255 255 255 255
 255 255 255 255 255 255 255 255 255 255] [255]
--- 1 packets received with 1 error(s) ---
[SYNC] New preamble detected @ 7049 (CFO 812.63 Hz, STO 1)
[SYNC] Estimated SNR: 23.19 dB (512 samples)
[MAC] Packet demodulated:  [ 0  1  2  3  4  5  6  7  8  9 10 11 12 13 14 15 16 17 18 19 20 21 22 23
 24 25 26 27 28 29 30 31 32 33 34 35 36 37 38 39 40 41 42 43 44 45 46 47
 48 49 50 51 52 53 54 55 56 57 58 59 60 61 62 63 64 65 66 67 68 69 70 71
 72 73 74 75 76 77 78 79 80 81 82 83 84 85 86 87 88 89 90 91 92 93 94 95
 96 97 98 99] [195]
--- 2 packets received with 1 error(s) ---
[SYNC] New preamble detected @ 14101 (CFO 9334.51 Hz, STO 5)
[SYNC] Estimated SNR: 23.82 dB (2048 samples)
[MAC] Packet demodulated:  [ 0  1  2  3  4  5  6  7  8  9 10 11 12 13 14 15 16 17 18 19 20 21 22 23
 24 25 26 27 28 29 30 31 32 33 34 35 36 37 38 39 40 41 42 43 44 45 46 47
 48 49 50 51 52 53 54 55 56 57 58 59 60 61 62 63 64 65 66 67 68 69 70 71
 72 73 74 75 76 77 78 79 80 81 82 83 84 85 86 87 88 89 90 91 92 93 94 95
 96 97 98 99] [195]
--- 3 packets received with 1 error(s) ---
[SYNC] New preamble detected @ 21147 (CFO 9283.50 Hz, STO 3)
[SYNC] Estimated SNR: 24.06 dB (4096 samples)
[MAC] Packet demodulated:  [ 0  1  2  3  4  5  6  7  8  9 10 11 12 13 14 15 16 17 18 19 20 21 22 23
 24 25 26 27 28 29 30 31 32 33 34 35 36 37 38 39 40 41 42 43 44 45 46 47
 48 49 50 51 52 53 54 55 56 57 58 59 60 61 62 63 64 65 66 67 68 69 70 71
 72 73 74 75 76 77 78 79 80 81 82 83 84 85 86 87 88 89 90 91 92 93 94 95
 96 97 98 99] [195]
--- 4 packets received with 1 error(s) ---
[SYNC] New preamble detected @ 28199 (CFO 11371.11 Hz, STO 7)
[SYNC] Estimated SNR: 23.91 dB (2048 samples)
[MAC] Packet demodulated:  [ 0  1  2  3  4  5  6  7  8  9 10 11 12 13 14 15 16 17 18 19 20 21 22 23
 24 25 26 27 28 29 30 31 32 33 34 35 36 37 38 39 40 41 42 43 44 45 46 47
 48 49 50 51 52 53 54 55 56 57 58 59 60 61 62 63 64 65 66 67 68 69 70 71
 72 73 74 75 76 77 78 79 80 81 82 83 84 85 86 87 88 89 90 91 92 93 94 95
 96 97 98 99] [195]
--- 5 packets received with 1 error(s) ---
[SYNC] New preamble detected @ 35246 (CFO -12254.88 Hz, STO 6)
[SYNC] Estimated SNR: 23.17 dB (2048 samples)
[MAC] Error in CRC, packet dropped [255 255 255 255 255 255 255 255 255 255 255 255 255 255 255 255 255 255
 255 255 255 255 255 255 255 255 255 255 255 255 255 255 255 255 255 255
 255 255 255 255 255 255 255 255 255 255 255 255 255 255 255 255 255 255
 255 255 255 255 255 255 255 255 255 255 255 255 255 255 255 255 255 255
 255 255 255 255 255 255 255 255 255 255 255 255 255 255 255 255 255 255
 255 255 255 255 255 255 255 255 255 255] [255]
--- 6 packets received with 2 error(s) ---
[SYNC] New preamble detected @ 42291 (CFO 9189.61 Hz, STO 3)
[SYNC] Estimated SNR: 23.61 dB (4096 samples)
[MAC] Packet demodulated:  [ 0  1  2  3  4  5  6  7  8  9 10 11 12 13 14 15 16 17 18 19 20 21 22 23
 24 25 26 27 28 29 30 31 32 33 34 35 36 37 38 39 40 41 42 43 44 45 46 47
 48 49 50 51 52 53 54 55 56 57 58 59 60 61 62 63 64 65 66 67 68 69 70 71
 72 73 74 75 76 77 78 79 80 81 82 83 84 85 86 87 88 89 90 91 92 93 94 95
 96 97 98 99] [195]
--- 7 packets received with 2 error(s) ---
[SYNC] New preamble detected @ 49342 (CFO 9252.81 Hz, STO 6)
[SYNC] Estimated SNR: 23.67 dB (2048 samples)
[MAC] Packet demodulated:  [ 0  1  2  3  4  5  6  7  8  9 10 11 12 13 14 15 16 17 18 19 20 21 22 23
 24 25 26 27 28 29 30 31 32 33 34 35 36 37 38 39 40 41 42 43 44 45 46 47
 48 49 50 51 52 53 54 55 56 57 58 59 60 61 62 63 64 65 66 67 68 69 70 71
 72 73 74 75 76 77 78 79 80 81 82 83 84 85 86 87 88 89 90 91 92 93 94 95
 96 97 98 99] [195]
--- 8 packets received with 2 error(s) ---
[SYNC] New preamble detected @ 56388 (CFO 9357.11 Hz, STO 4)
[SYNC] Estimated SNR: 23.87 dB (2048 samples)
[MAC] Packet demodulated:  [ 0  1  2  3  4  5  6  7  8  9 10 11 12 13 14 15 16 17 18 19 20 21 22 23
 24 25 26 27 28 29 30 31 32 33 34 35 36 37 38 39 40 41 42 43 44 45 46 47
 48 49 50 51 52 53 54 55 56 57 58 59 60 61 62 63 64 65 66 67 68 69 70 71
 72 73 74 75 76 77 78 79 80 81 82 83 84 85 86 87 88 89 90 91 92 93 94 95
 96 97 98 99] [195]
--- 9 packets received with 2 error(s) ---
[SYNC] New preamble detected @ 63434 (CFO -5065.80 Hz, STO 2)
[SYNC] Estimated SNR: 23.34 dB (512 samples)
[MAC] Error in CRC, packet dropped [255 255 255 255 255 255 255 255 255 255 255 255 255 255 255 255 255 255
 255 255 255 255 255 255 255 255 255 255 255 255 255 247 255 255 255 255
 255 255 255 255 255 254 255 255 255 255 254 255 255 255 255 255 255 255
 255 255 255 255 239 255 255 255 255 255 191 255 255 247 255 255 255 255
 255 255 255 255 255 255 255 255 255 253 255 255 253 255 255 255 255 255
 255 255 255 255 255 255 255 255 255 255] [255]
--- 10 packets received with 3 error(s) ---
[SYNC] New preamble detected @ 70487 (CFO 9086.79 Hz, STO 7)
[SYNC] Estimated SNR: 23.43 dB (1024 samples)
[MAC] Packet demodulated:  [ 0  1  2  3  4  5  6  7  8  9 10 11 12 13 14 15 16 17 18 19 20 21 22 23
 24 25 26 27 28 29 30 31 32 33 34 35 36 37 38 39 40 41 42 43 44 45 46 47
 48 49 50 51 52 53 54 55 56 57 58 59 60 61 62 63 64 65 66 67 68 69 70 71
 72 73 74 75 76 77 78 79 80 81 82 83 84 85 86 87 88 89 90 91 92 93 94 95
 96 97 98 99] [195]
--- 11 packets received with 3 error(s) ---
[SYNC] New preamble detected @ 77529 (CFO 9304.64 Hz, STO 1)
[SYNC] Estimated SNR: 21.83 dB (2048 samples)
[MAC] Packet demodulated:  [ 0  1  2  3  4  5  6  7  8  9 10 11 12 13 14 15 16 17 18 19 20 21 22 23
 24 25 26 27 28 29 30 31 32 33 34 35 36 37 38 39 40 41 42 43 44 45 46 47
 48 49 50 51 52 53 54 55 56 57 58 59 60 61 62 63 64 65 66 67 68 69 70 71
 72 73 74 75 76 77 78 79 80 81 82 83 84 85 86 87 88 89 90 91 92 93 94 95
 96 97 98 99] [195]
--- 12 packets received with 3 error(s) ---
[SYNC] New preamble detected @ 84581 (CFO 9252.73 Hz, STO 5)
[SYNC] Estimated SNR: 22.40 dB (2048 samples)
[MAC] Packet demodulated:  [ 0  1  2  3  4  5  6  7  8  9 10 11 12 13 14 15 16 17 18 19 20 21 22 23
 24 25 26 27 28 29 30 31 32 33 34 35 36 37 38 39 40 41 42 43 44 45 46 47
 48 49 50 51 52 53 54 55 56 57 58 59 60 61 62 63 64 65 66 67 68 69 70 71
 72 73 74 75 76 77 78 79 80 81 82 83 84 85 86 87 88 89 90 91 92 93 94 95
 96 97 98 99] [195]
--- 13 packets received with 3 error(s) ---
[SYNC] New preamble detected @ 91626 (CFO 9593.84 Hz, STO 2)
[SYNC] Estimated SNR: 22.24 dB (2048 samples)
[MAC] Packet demodulated:  [ 0  1  2  3  4  5  6  7  8  9 10 11 12 13 14 15 16 17 18 19 20 21 22 23
 24 25 26 27 28 29 30 31 32 33 34 35 36 37 38 39 40 41 42 43 44 45 46 47
 48 49 50 51 52 53 54 55 56 57 58 59 60 61 62 63 64 65 66 67 68 69 70 71
 72 73 74 75 76 77 78 79 80 81 82 83 84 85 86 87 88 89 90 91 92 93 94 95
 96 97 98 99] [195]
--- 14 packets received with 3 error(s) ---
[SYNC] New preamble detected @ 98672 (CFO -12187.94 Hz, STO 0)
[SYNC] Estimated SNR: 23.19 dB (2048 samples)
[MAC] Error in CRC, packet dropped [255 255 255 255 255 255 255 255 255 255 255 255 255 255 255 255 255 255
 255 255 255 255 255 255 255 255 255 255 255 255 255 255 255 255 255 255
 255 255 255 255 255 255 255 255 255 255 255 255 255 255 255 255 255 255
 255 255 255 255 255 255 255 255 255 255 255 255 255 255 255 255 255 255
 255 255 255 255 255 255 255 255 255 255 255 255 255 255 255 255 255 255
 255 255 255 255 255 255 255 255 255 255] [255]
--- 15 packets received with 4 error(s) ---
[SYNC] New preamble detected @ 105727 (CFO 11029.07 Hz, STO 7)
[SYNC] Estimated SNR: 23.22 dB (4096 samples)
[MAC] Packet demodulated:  [ 0  1  2  3  4  5  6  7  8  9 10 11 12 13 14 15 16 17 18 19 20 21 22 23
 24 25 26 27 28 29 30 31 32 33 34 35 36 37 38 39 40 41 42 43 44 45 46 47
 48 49 50 51 52 53 54 55 56 57 58 59 60 61 62 63 64 65 66 67 68 69 70 71
 72 73 74 75 76 77 78 79 80 81 82 83 84 85 86 87 88 89 90 91 92 93 94 95
 96 97 98 99] [195]
--- 16 packets received with 4 error(s) ---
[SYNC] New preamble detected @ 112773 (CFO -9940.67 Hz, STO 5)
[SYNC] Estimated SNR: 23.53 dB (1024 samples)
[MAC] Error in CRC, packet dropped [255 255 255 255 255 255 255 255 255 255 255 255 255 255 255 255 255 255
 255 255 255 255 255 255 255 255 255 255 255 255 255 255 255 255 255 255
 255 255 255 255 255 255 255 255 255 255 255 255 255 255 255 255 255 255
 255 255 255 255 255 255 255 255 255 255 255 255 255 255 255 255 255 255
 255 255 255 255 255 255 255 255 255 255 255 255 255 255 255 255 255 255
 255 255 255 255 255 255 255 255 255 255] [255]
--- 17 packets received with 5 error(s) ---
[SYNC] New preamble detected @ 119823 (CFO -2047.84 Hz, STO 7)
[SYNC] Estimated SNR: 23.54 dB (1024 samples)
[MAC] Error in CRC, packet dropped [  0   1   2   3   4   5   6   7   8   9  10  11  12  13  14  47  16  25
  18  19  20  21  22  55  24  25  26  27  92  29  30  31  32  33  34  35
  36  37  38  55  40  41  42  43  44  45  46  47  48  49  50  51  52  53
  54  55  56  57  58  59  60  61  62 127  64  65  66  67  68  69  70  71
  72  73  74  75  76  77  78  79  80  81  82  83  84  85  86  87  88 217
  90  91  92  93  94  95  96  97  98  99] [195]
--- 18 packets received with 6 error(s) ---
[SYNC] New preamble detected @ 126866 (CFO 9077.78 Hz, STO 2)
[SYNC] Estimated SNR: 23.74 dB (2048 samples)
[MAC] Packet demodulated:  [ 0  1  2  3  4  5  6  7  8  9 10 11 12 13 14 15 16 17 18 19 20 21 22 23
 24 25 26 27 28 29 30 31 32 33 34 35 36 37 38 39 40 41 42 43 44 45 46 47
 48 49 50 51 52 53 54 55 56 57 58 59 60 61 62 63 64 65 66 67 68 69 70 71
 72 73 74 75 76 77 78 79 80 81 82 83 84 85 86 87 88 89 90 91 92 93 94 95
 96 97 98 99] [195]
--- 19 packets received with 6 error(s) ---
[SYNC] New preamble detected @ 133918 (CFO 9118.49 Hz, STO 6)
[SYNC] Estimated SNR: 23.59 dB (4096 samples)
[MAC] Packet demodulated:  [ 0  1  2  3  4  5  6  7  8  9 10 11 12 13 14 15 16 17 18 19 20 21 22 23
 24 25 26 27 28 29 30 31 32 33 34 35 36 37 38 39 40 41 42 43 44 45 46 47
 48 49 50 51 52 53 54 55 56 57 58 59 60 61 62 63 64 65 66 67 68 69 70 71
 72 73 74 75 76 77 78 79 80 81 82 83 84 85 86 87 88 89 90 91 92 93 94 95
 96 97 98 99] [195]
--- 20 packets received with 6 error(s) ---
[SYNC] New preamble detected @ 140967 (CFO 9320.47 Hz, STO 7)
[SYNC] Estimated SNR: 23.68 dB (2048 samples)
[MAC] Packet demodulated:  [ 0  1  2  3  4  5  6  7  8  9 10 11 12 13 14 15 16 17 18 19 20 21 22 23
 24 25 26 27 28 29 30 31 32 33 34 35 36 37 38 39 40 41 42 43 44 45 46 47
 48 49 50 51 52 53 54 55 56 57 58 59 60 61 62 63 64 65 66 67 68 69 70 71
 72 73 74 75 76 77 78 79 80 81 82 83 84 85 86 87 88 89 90 91 92 93 94 95
 96 97 98 99] [195]
--- 21 packets received with 6 error(s) ---
[SYNC] New preamble detected @ 148012 (CFO 9552.74 Hz, STO 4)
[SYNC] Estimated SNR: 23.65 dB (2048 samples)
[MAC] Packet demodulated:  [ 0  1  2  3  4  5  6  7  8  9 10 11 12 13 14 15 16 17 18 19 20 21 22 23
 24 25 26 27 28 29 30 31 32 33 34 35 36 37 38 39 40 41 42 43 44 45 46 47
 48 49 50 51 52 53 54 55 56 57 58 59 60 61 62 63 64 65 66 67 68 69 70 71
 72 73 74 75 76 77 78 79 80 81 82 83 84 85 86 87 88 89 90 91 92 93 94 95
 96 97 98 99] [195]
--- 22 packets received with 6 error(s) ---
[SYNC] New preamble detected @ 155058 (CFO 2360.78 Hz, STO 2)
[SYNC] Estimated SNR: 23.68 dB (2048 samples)
[MAC] Packet demodulated:  [ 0  1  2  3  4  5  6  7  8  9 10 11 12 13 14 15 16 17 18 19 20 21 22 23
 24 25 26 27 28 29 30 31 32 33 34 35 36 37 38 39 40 41 42 43 44 45 46 47
 48 49 50 51 52 53 54 55 56 57 58 59 60 61 62 63 64 65 66 67 68 69 70 71
 72 73 74 75 76 77 78 79 80 81 82 83 84 85 86 87 88 89 90 91 92 93 94 95
 96 97 98 99] [195]
--- 23 packets received with 6 error(s) ---
[SYNC] New preamble detected @ 162108 (CFO -37.01 Hz, STO 4)
[SYNC] Estimated SNR: 23.71 dB (2048 samples)
[MAC] Packet demodulated:  [ 0  1  2  3  4  5  6  7  8  9 10 11 12 13 14 15 16 17 18 19 20 21 22 23
 24 25 26 27 28 29 30 31 32 33 34 35 36 37 38 39 40 41 42 43 44 45 46 47
 48 49 50 51 52 53 54 55 56 57 58 59 60 61 62 63 64 65 66 67 68 69 70 71
 72 73 74 75 76 77 78 79 80 81 82 83 84 85 86 87 88 89 90 91 92 93 94 95
 96 97 98 99] [195]
--- 24 packets received with 6 error(s) ---
[SYNC] New preamble detected @ 169156 (CFO 9243.96 Hz, STO 4)
[SYNC] Estimated SNR: 23.18 dB (2048 samples)
[MAC] Packet demodulated:  [ 0  1  2  3  4  5  6  7  8  9 10 11 12 13 14 15 16 17 18 19 20 21 22 23
 24 25 26 27 28 29 30 31 32 33 34 35 36 37 38 39 40 41 42 43 44 45 46 47
 48 49 50 51 52 53 54 55 56 57 58 59 60 61 62 63 64 65 66 67 68 69 70 71
 72 73 74 75 76 77 78 79 80 81 82 83 84 85 86 87 88 89 90 91 92 93 94 95
 96 97 98 99] [195]
--- 25 packets received with 6 error(s) ---
[SYNC] New preamble detected @ 176203 (CFO 9618.51 Hz, STO 3)
[SYNC] Estimated SNR: 22.99 dB (2048 samples)
[MAC] Packet demodulated:  [ 0  1  2  3  4  5  6  7  8  9 10 11 12 13 14 15 16 17 18 19 20 21 22 23
 24 25 26 27 28 29 30 31 32 33 34 35 36 37 38 39 40 41 42 43 44 45 46 47
 48 49 50 51 52 53 54 55 56 57 58 59 60 61 62 63 64 65 66 67 68 69 70 71
 72 73 74 75 76 77 78 79 80 81 82 83 84 85 86 87 88 89 90 91 92 93 94 95
 96 97 98 99] [195]
--- 26 packets received with 6 error(s) ---
[SYNC] New preamble detected @ 183248 (CFO 8375.26 Hz, STO 0)
[SYNC] Estimated SNR: 22.81 dB (1024 samples)
[MAC] Packet demodulated:  [ 0  1  2  3  4  5  6  7  8  9 10 11 12 13 14 15 16 17 18 19 20 21 22 23
 24 25 26 27 28 29 30 31 32 33 34 35 36 37 38 39 40 41 42 43 44 45 46 47
 48 49 50 51 52 53 54 55 56 57 58 59 60 61 62 63 64 65 66 67 68 69 70 71
 72 73 74 75 76 77 78 79 80 81 82 83 84 85 86 87 88 89 90 91 92 93 94 95
 96 97 98 99] [195]
--- 27 packets received with 6 error(s) ---
[SYNC] New preamble detected @ 190302 (CFO 9517.18 Hz, STO 6)
[SYNC] Estimated SNR: 23.99 dB (2048 samples)
[MAC] Packet demodulated:  [ 0  1  2  3  4  5  6  7  8  9 10 11 12 13 14 15 16 17 18 19 20 21 22 23
 24 25 26 27 28 29 30 31 32 33 34 35 36 37 38 39 40 41 42 43 44 45 46 47
 48 49 50 51 52 53 54 55 56 57 58 59 60 61 62 63 64 65 66 67 68 69 70 71
 72 73 74 75 76 77 78 79 80 81 82 83 84 85 86 87 88 89 90 91 92 93 94 95
 96 97 98 99] [195]
--- 28 packets received with 6 error(s) ---
[SYNC] New preamble detected @ 197344 (CFO 9763.14 Hz, STO 0)
[SYNC] Estimated SNR: 24.11 dB (4096 samples)
[MAC] Packet demodulated:  [ 0  1  2  3  4  5  6  7  8  9 10 11 12 13 14 15 16 17 18 19 20 21 22 23
 24 25 26 27 28 29 30 31 32 33 34 35 36 37 38 39 40 41 42 43 44 45 46 47
 48 49 50 51 52 53 54 55 56 57 58 59 60 61 62 63 64 65 66 67 68 69 70 71
 72 73 74 75 76 77 78 79 80 81 82 83 84 85 86 87 88 89 90 91 92 93 94 95
 96 97 98 99] [195]
--- 29 packets received with 6 error(s) ---
[SYNC] New preamble detected @ 204396 (CFO 9137.46 Hz, STO 4)
[SYNC] Estimated SNR: 23.90 dB (1024 samples)
[MAC] Packet demodulated:  [ 0  1  2  3  4  5  6  7  8  9 10 11 12 13 14 15 16 17 18 19 20 21 22 23
 24 25 26 27 28 29 30 31 32 33 34 35 36 37 38 39 40 41 42 43 44 45 46 47
 48 49 50 51 52 53 54 55 56 57 58 59 60 61 62 63 64 65 66 67 68 69 70 71
 72 73 74 75 76 77 78 79 80 81 82 83 84 85 86 87 88 89 90 91 92 93 94 95
 96 97 98 99] [195]
--- 30 packets received with 6 error(s) ---
[SYNC] New preamble detected @ 211440 (CFO 9238.97 Hz, STO 0)
[SYNC] Estimated SNR: 24.02 dB (2048 samples)
[MAC] Packet demodulated:  [ 0  1  2  3  4  5  6  7  8  9 10 11 12 13 14 15 16 17 18 19 20 21 22 23
 24 25 26 27 28 29 30 31 32 33 34 35 36 37 38 39 40 41 42 43 44 45 46 47
 48 49 50 51 52 53 54 55 56 57 58 59 60 61 62 63 64 65 66 67 68 69 70 71
 72 73 74 75 76 77 78 79 80 81 82 83 84 85 86 87 88 89 90 91 92 93 94 95
 96 97 98 99] [195]
--- 31 packets received with 6 error(s) ---
[SYNC] New preamble detected @ 218493 (CFO 9486.88 Hz, STO 5)
[SYNC] Estimated SNR: 24.08 dB (512 samples)
[MAC] Packet demodulated:  [ 0  1  2  3  4  5  6  7  8  9 10 11 12 13 14 15 16 17 18 19 20 21 22 23
 24 25 26 27 28 29 30 31 32 33 34 35 36 37 38 39 40 41 42 43 44 45 46 47
 48 49 50 51 52 53 54 55 56 57 58 59 60 61 62 63 64 65 66 67 68 69 70 71
 72 73 74 75 76 77 78 79 80 81 82 83 84 85 86 87 88 89 90 91 92 93 94 95
 96 97 98 99] [195]
--- 32 packets received with 6 error(s) ---
[SYNC] New preamble detected @ 225542 (CFO 9756.40 Hz, STO 6)
[SYNC] Estimated SNR: 23.73 dB (512 samples)
[MAC] Packet demodulated:  [ 0  1  2  3  4  5  6  7  8  9 10 11 12 13 14 15 16 17 18 19 20 21 22 23
 24 25 26 27 28 29 30 31 32 33 34 35 36 37 38 39 40 41 42 43 44 45 46 47
 48 49 50 51 52 53 54 55 56 57 58 59 60 61 62 63 64 65 66 67 68 69 70 71
 72 73 74 75 76 77 78 79 80 81 82 83 84 85 86 87 88 89 90 91 92 93 94 95
 96 97 98 99] [195]
--- 33 packets received with 6 error(s) ---
[SYNC] New preamble detected @ 232589 (CFO -2818.68 Hz, STO 5)
[SYNC] Estimated SNR: 23.45 dB (4096 samples)
[MAC] Error in CRC, packet dropped [ 72  35   2  99  21   5  38 119   8 137  42  91  12  13  46  79  17  55
  50 151  28  53  22 151  26  59  58  59  61 157  31  31  44  33  34  35
 100  37 102  39  44  41  42  43  44 173  46  47  48  55  54  55 116 181
 182 183  58 121  58  59  61 125  62 191  65  97  66  71  76 117  70  95
  72 105  74  75  76  77  78 223  82 209 210  87  84 221  87  87  89  89
  90 223 124  93  94 223  97  99 102 111] [195]
--- 34 packets received with 7 error(s) ---
[SYNC] New preamble detected @ 239634 (CFO 9578.09 Hz, STO 2)
[SYNC] Estimated SNR: 23.93 dB (2048 samples)
[MAC] Packet demodulated:  [ 0  1  2  3  4  5  6  7  8  9 10 11 12 13 14 15 16 17 18 19 20 21 22 23
 24 25 26 27 28 29 30 31 32 33 34 35 36 37 38 39 40 41 42 43 44 45 46 47
 48 49 50 51 52 53 54 55 56 57 58 59 60 61 62 63 64 65 66 67 68 69 70 71
 72 73 74 75 76 77 78 79 80 81 82 83 84 85 86 87 88 89 90 91 92 93 94 95
 96 97 98 99] [195]
--- 35 packets received with 7 error(s) ---
[SYNC] New preamble detected @ 246684 (CFO -12197.68 Hz, STO 4)
[SYNC] Estimated SNR: 23.82 dB (4096 samples)
[MAC] Error in CRC, packet dropped [255 255 255 255 255 255 255 255 255 255 255 255 255 255 255 255 255 255
 255 255 255 255 255 255 255 255 255 255 255 255 255 255 255 255 255 255
 255 255 255 255 255 255 255 255 255 255 255 255 255 255 255 255 255 255
 255 255 255 255 255 255 255 255 255 255 255 255 255 255 255 255 255 255
 255 255 255 255 255 255 255 255 255 255 255 255 255 255 255 255 255 255
 255 255 255 255 255 255 255 255 255 255] [255]
--- 36 packets received with 8 error(s) ---
[SYNC] New preamble detected @ 253733 (CFO 2966.01 Hz, STO 5)
[SYNC] Estimated SNR: 23.70 dB (1024 samples)
[MAC] Packet demodulated:  [ 0  1  2  3  4  5  6  7  8  9 10 11 12 13 14 15 16 17 18 19 20 21 22 23
 24 25 26 27 28 29 30 31 32 33 34 35 36 37 38 39 40 41 42 43 44 45 46 47
 48 49 50 51 52 53 54 55 56 57 58 59 60 61 62 63 64 65 66 67 68 69 70 71
 72 73 74 75 76 77 78 79 80 81 82 83 84 85 86 87 88 89 90 91 92 93 94 95
 96 97 98 99] [195]
--- 37 packets received with 8 error(s) ---
[SYNC] New preamble detected @ 260777 (CFO 8738.32 Hz, STO 1)
[SYNC] Estimated SNR: 24.55 dB (2048 samples)
[MAC] Error in CRC, packet dropped [  0 193   2 223   4   5  22   7   8   9  10  11  12  77  14  15  16  17
  18  19  84  21  22  23  88  25  26  27  30  29  30  31  96  33  34  35
  36  37  38  39  40  43  42  43  44  45 174  47  49  49  50  51  52  53
  54  55  56  57 186  59  60  61  62  63  64  65  74  67  68  77  70 103
  72 109 106  15  76  77  78 207  80  81  82  83  84  87  86  87  88  89
  90  91  92  93  94  95  96  97  98  99] [195]
--- 38 packets received with 9 error(s) ---
[SYNC] New preamble detected @ 267831 (CFO 9238.71 Hz, STO 7)
[SYNC] Estimated SNR: 23.77 dB (512 samples)
[MAC] Packet demodulated:  [ 0  1  2  3  4  5  6  7  8  9 10 11 12 13 14 15 16 17 18 19 20 21 22 23
 24 25 26 27 28 29 30 31 32 33 34 35 36 37 38 39 40 41 42 43 44 45 46 47
 48 49 50 51 52 53 54 55 56 57 58 59 60 61 62 63 64 65 66 67 68 69 70 71
 72 73 74 75 76 77 78 79 80 81 82 83 84 85 86 87 88 89 90 91 92 93 94 95
 96 97 98 99] [195]
--- 39 packets received with 9 error(s) ---
[SYNC] New preamble detected @ 274872 (CFO -195.47 Hz, STO 0)
[SYNC] Estimated SNR: 23.97 dB (1024 samples)
[MAC] Packet demodulated:  [ 0  1  2  3  4  5  6  7  8  9 10 11 12 13 14 15 16 17 18 19 20 21 22 23
 24 25 26 27 28 29 30 31 32 33 34 35 36 37 38 39 40 41 42 43 44 45 46 47
 48 49 50 51 52 53 54 55 56 57 58 59 60 61 62 63 64 65 66 67 68 69 70 71
 72 73 74 75 76 77 78 79 80 81 82 83 84 85 86 87 88 89 90 91 92 93 94 95
 96 97 98 99] [195]
--- 40 packets received with 9 error(s) ---
[SYNC] New preamble detected @ 281922 (CFO 5569.45 Hz, STO 2)
[SYNC] Estimated SNR: 24.17 dB (2048 samples)
[MAC] Packet demodulated:  [ 0  1  2  3  4  5  6  7  8  9 10 11 12 13 14 15 16 17 18 19 20 21 22 23
 24 25 26 27 28 29 30 31 32 33 34 35 36 37 38 39 40 41 42 43 44 45 46 47
 48 49 50 51 52 53 54 55 56 57 58 59 60 61 62 63 64 65 66 67 68 69 70 71
 72 73 74 75 76 77 78 79 80 81 82 83 84 85 86 87 88 89 90 91 92 93 94 95
 96 97 98 99] [195]
--- 41 packets received with 9 error(s) ---
[SYNC] New preamble detected @ 288972 (CFO 9193.28 Hz, STO 4)
[SYNC] Estimated SNR: 24.25 dB (512 samples)
[MAC] Packet demodulated:  [ 0  1  2  3  4  5  6  7  8  9 10 11 12 13 14 15 16 17 18 19 20 21 22 23
 24 25 26 27 28 29 30 31 32 33 34 35 36 37 38 39 40 41 42 43 44 45 46 47
 48 49 50 51 52 53 54 55 56 57 58 59 60 61 62 63 64 65 66 67 68 69 70 71
 72 73 74 75 76 77 78 79 80 81 82 83 84 85 86 87 88 89 90 91 92 93 94 95
 96 97 98 99] [195]
--- 42 packets received with 9 error(s) ---
[SYNC] New preamble detected @ 296021 (CFO 9909.86 Hz, STO 5)
[SYNC] Estimated SNR: 22.65 dB (2048 samples)
[MAC] Packet demodulated:  [ 0  1  2  3  4  5  6  7  8  9 10 11 12 13 14 15 16 17 18 19 20 21 22 23
 24 25 26 27 28 29 30 31 32 33 34 35 36 37 38 39 40 41 42 43 44 45 46 47
 48 49 50 51 52 53 54 55 56 57 58 59 60 61 62 63 64 65 66 67 68 69 70 71
 72 73 74 75 76 77 78 79 80 81 82 83 84 85 86 87 88 89 90 91 92 93 94 95
 96 97 98 99] [195]
--- 43 packets received with 9 error(s) ---
[SYNC] New preamble detected @ 303066 (CFO 9438.31 Hz, STO 2)
[SYNC] Estimated SNR: 24.14 dB (1024 samples)
[MAC] Packet demodulated:  [ 0  1  2  3  4  5  6  7  8  9 10 11 12 13 14 15 16 17 18 19 20 21 22 23
 24 25 26 27 28 29 30 31 32 33 34 35 36 37 38 39 40 41 42 43 44 45 46 47
 48 49 50 51 52 53 54 55 56 57 58 59 60 61 62 63 64 65 66 67 68 69 70 71
 72 73 74 75 76 77 78 79 80 81 82 83 84 85 86 87 88 89 90 91 92 93 94 95
 96 97 98 99] [195]
--- 44 packets received with 9 error(s) ---
[SYNC] New preamble detected @ 310112 (CFO 9289.93 Hz, STO 0)
[SYNC] Estimated SNR: 24.08 dB (4096 samples)
[MAC] Packet demodulated:  [ 0  1  2  3  4  5  6  7  8  9 10 11 12 13 14 15 16 17 18 19 20 21 22 23
 24 25 26 27 28 29 30 31 32 33 34 35 36 37 38 39 40 41 42 43 44 45 46 47
 48 49 50 51 52 53 54 55 56 57 58 59 60 61 62 63 64 65 66 67 68 69 70 71
 72 73 74 75 76 77 78 79 80 81 82 83 84 85 86 87 88 89 90 91 92 93 94 95
 96 97 98 99] [195]
--- 45 packets received with 9 error(s) ---
[SYNC] New preamble detected @ 317165 (CFO 5919.17 Hz, STO 5)
[SYNC] Estimated SNR: 24.12 dB (4096 samples)
[MAC] Packet demodulated:  [ 0  1  2  3  4  5  6  7  8  9 10 11 12 13 14 15 16 17 18 19 20 21 22 23
 24 25 26 27 28 29 30 31 32 33 34 35 36 37 38 39 40 41 42 43 44 45 46 47
 48 49 50 51 52 53 54 55 56 57 58 59 60 61 62 63 64 65 66 67 68 69 70 71
 72 73 74 75 76 77 78 79 80 81 82 83 84 85 86 87 88 89 90 91 92 93 94 95
 96 97 98 99] [195]
--- 46 packets received with 9 error(s) ---
[SYNC] New preamble detected @ 324210 (CFO 9490.78 Hz, STO 2)
[SYNC] Estimated SNR: 24.26 dB (2048 samples)
[MAC] Packet demodulated:  [ 0  1  2  3  4  5  6  7  8  9 10 11 12 13 14 15 16 17 18 19 20 21 22 23
 24 25 26 27 28 29 30 31 32 33 34 35 36 37 38 39 40 41 42 43 44 45 46 47
 48 49 50 51 52 53 54 55 56 57 58 59 60 61 62 63 64 65 66 67 68 69 70 71
 72 73 74 75 76 77 78 79 80 81 82 83 84 85 86 87 88 89 90 91 92 93 94 95
 96 97 98 99] [195]
--- 47 packets received with 9 error(s) ---
[SYNC] New preamble detected @ 331260 (CFO -3008.48 Hz, STO 4)
[SYNC] Estimated SNR: 24.64 dB (1024 samples)
[MAC] Error in CRC, packet dropped [255 159 123 211 254  94  60  63 223 218 239 239 191 178 255 191 226 176
 233 255 255 243 254 255 211 115  67  61 143 119 239 249 252 239 243 243
 227 252 107 251 254 222 254 243 255 157 191 178 198 223 238 247 255 123
  59  47 223 209  95 255 255 243 255 127  83 243 226 255 255 246  63 255
 204 252 236 255 156 237 253 247 231 223 167 247 253 157 189  55 223 221
 103 247 165 159 237 189 255 215 247 239] [246]
--- 48 packets received with 10 error(s) ---
[SYNC] New preamble detected @ 338307 (CFO 11143.99 Hz, STO 3)
[SYNC] Estimated SNR: 24.55 dB (1024 samples)
[MAC] Error in CRC, packet dropped [  0  39   2  71   4   5  30   7   8   9  26  11   8  77  78  79  16  17
   2  19  22  17  20  23  92  25  18  27  29  29  30  31  32  35  34  47
 100  37  38  38  40  41  42  43  12  45 110  47  32 176  51  35  52  53
  54  55  56  57 182  59  61 188  62  63  64  65  98  67  68  69  78  70
 200  89  90 107  76   9  14  79  80  80  66  66  84  85  84 119 124  29
  82  83  93 220  94  95  64  65  66  99] [199]
--- 49 packets received with 11 error(s) ---
[SYNC] New preamble detected @ 345356 (CFO 12143.04 Hz, STO 4)
[SYNC] Estimated SNR: 24.24 dB (512 samples)
[MAC] Packet demodulated:  [ 0  1  2  3  4  5  6  7  8  9 10 11 12 13 14 15 16 17 18 19 20 21 22 23
 24 25 26 27 28 29 30 31 32 33 34 35 36 37 38 39 40 41 42 43 44 45 46 47
 48 49 50 51 52 53 54 55 56 57 58 59 60 61 62 63 64 65 66 67 68 69 70 71
 72 73 74 75 76 77 78 79 80 81 82 83 84 85 86 87 88 89 90 91 92 93 94 95
 96 97 98 99] [195]
--- 50 packets received with 11 error(s) ---
[SYNC] New preamble detected @ 352401 (CFO 10778.34 Hz, STO 1)
[SYNC] Estimated SNR: 23.86 dB (4096 samples)
[MAC] Packet demodulated:  [ 0  1  2  3  4  5  6  7  8  9 10 11 12 13 14 15 16 17 18 19 20 21 22 23
 24 25 26 27 28 29 30 31 32 33 34 35 36 37 38 39 40 41 42 43 44 45 46 47
 48 49 50 51 52 53 54 55 56 57 58 59 60 61 62 63 64 65 66 67 68 69 70 71
 72 73 74 75 76 77 78 79 80 81 82 83 84 85 86 87 88 89 90 91 92 93 94 95
 96 97 98 99] [195]
--- 51 packets received with 11 error(s) ---
[SYNC] New preamble detected @ 359451 (CFO 9111.94 Hz, STO 3)
[SYNC] Estimated SNR: 23.80 dB (1024 samples)
[MAC] Packet demodulated:  [ 0  1  2  3  4  5  6  7  8  9 10 11 12 13 14 15 16 17 18 19 20 21 22 23
 24 25 26 27 28 29 30 31 32 33 34 35 36 37 38 39 40 41 42 43 44 45 46 47
 48 49 50 51 52 53 54 55 56 57 58 59 60 61 62 63 64 65 66 67 68 69 70 71
 72 73 74 75 76 77 78 79 80 81 82 83 84 85 86 87 88 89 90 91 92 93 94 95
 96 97 98 99] [195]
--- 52 packets received with 11 error(s) ---
[SYNC] New preamble detected @ 366496 (CFO 9528.99 Hz, STO 0)
[SYNC] Estimated SNR: 23.82 dB (1024 samples)
[MAC] Packet demodulated:  [ 0  1  2  3  4  5  6  7  8  9 10 11 12 13 14 15 16 17 18 19 20 21 22 23
 24 25 26 27 28 29 30 31 32 33 34 35 36 37 38 39 40 41 42 43 44 45 46 47
 48 49 50 51 52 53 54 55 56 57 58 59 60 61 62 63 64 65 66 67 68 69 70 71
 72 73 74 75 76 77 78 79 80 81 82 83 84 85 86 87 88 89 90 91 92 93 94 95
 96 97 98 99] [195]
--- 53 packets received with 11 error(s) ---
[SYNC] New preamble detected @ 373547 (CFO 11945.23 Hz, STO 3)
[SYNC] Estimated SNR: 23.70 dB (1024 samples)
[MAC] Packet demodulated:  [ 0  1  2  3  4  5  6  7  8  9 10 11 12 13 14 15 16 17 18 19 20 21 22 23
 24 25 26 27 28 29 30 31 32 33 34 35 36 37 38 39 40 41 42 43 44 45 46 47
 48 49 50 51 52 53 54 55 56 57 58 59 60 61 62 63 64 65 66 67 68 69 70 71
 72 73 74 75 76 77 78 79 80 81 82 83 84 85 86 87 88 89 90 91 92 93 94 95
 96 97 98 99] [195]
--- 54 packets received with 11 error(s) ---
[SYNC] New preamble detected @ 380593 (CFO -12282.03 Hz, STO 1)
[SYNC] Estimated SNR: 23.20 dB (1024 samples)
[MAC] Error in CRC, packet dropped [255 255 255 255 255 255 255 255 255 255 255 255 255 255 255 255 255 255
 255 255 255 255 255 255 255 255 255 255 255 255 255 255 255 255 255 255
 255 255 255 255 255 255 255 255 255 255 255 255 255 255 255 255 255 255
 255 255 255 255 255 255 255 255 255 255 255 255 255 255 255 255 255 255
 255 255 255 255 255 255 255 255 255 255 255 255 255 255 255 255 255 255
 255 255 255 255 255 255 255 255 255 255] [255]
--- 55 packets received with 12 error(s) ---
[SYNC] New preamble detected @ 387643 (CFO 9170.94 Hz, STO 3)
[SYNC] Estimated SNR: 22.94 dB (1024 samples)
[MAC] Packet demodulated:  [ 0  1  2  3  4  5  6  7  8  9 10 11 12 13 14 15 16 17 18 19 20 21 22 23
 24 25 26 27 28 29 30 31 32 33 34 35 36 37 38 39 40 41 42 43 44 45 46 47
 48 49 50 51 52 53 54 55 56 57 58 59 60 61 62 63 64 65 66 67 68 69 70 71
 72 73 74 75 76 77 78 79 80 81 82 83 84 85 86 87 88 89 90 91 92 93 94 95
 96 97 98 99] [195]
--- 56 packets received with 12 error(s) ---
[SYNC] New preamble detected @ 394693 (CFO -2091.08 Hz, STO 5)
[SYNC] Estimated SNR: 23.00 dB (1024 samples)
[MAC] Packet demodulated:  [  0   1   2   3   4  13   6   7   8 137  10  11  12  13  14  15  16  17
  18  19  20  21  22  23  25  25  26  27  28  29  30  63  32  33  34  35
  36  37  38  39  40 169  42  43  44  45  46  47  48  49  50 179  52  53
  54  55  57  57  58  59  60  61  62  63  64  65  66  67  68  69  70  71
  72  73  74  75  76  77  78  79  80  81  82  83  84  85  86  87  88  89
  90  91  92  93  94  95  96  97  98  99] [199]
--- 57 packets received with 12 error(s) ---
[SYNC] New preamble detected @ 401739 (CFO 9303.54 Hz, STO 3)
[SYNC] Estimated SNR: 23.21 dB (1024 samples)
[MAC] Packet demodulated:  [ 0  1  2  3  4  5  6  7  8  9 10 11 12 13 14 15 16 17 18 19 20 21 22 23
 24 25 26 27 28 29 30 31 32 33 34 35 36 37 38 39 40 41 42 43 44 45 46 47
 48 49 50 51 52 53 54 55 56 57 58 59 60 61 62 63 64 65 66 67 68 69 70 71
 72 73 74 75 76 77 78 79 80 81 82 83 84 85 86 87 88 89 90 91 92 93 94 95
 96 97 98 99] [195]
--- 58 packets received with 12 error(s) ---
[SYNC] New preamble detected @ 408786 (CFO -7374.29 Hz, STO 2)
[SYNC] Estimated SNR: 23.11 dB (1024 samples)
[MAC] Error in CRC, packet dropped [255 255 255 255 255 255 255 255 255 255 255 255 255 255 255 255 255 255
 255 255 255 255 255 255 255 255 255 255 255 255 255 255 255 255 255 255
 255 255 255 255 255 255 255 255 255 255 255 255 255 255 255 255 255 255
 255 255 255 255 255 255 255 255 255 255 255 255 255 255 255 255 255 255
 255 255 255 255 255 255 255 255 255 255 255 255 255 255 255 255 255 255
 255 255 255 255 255 255 255 255 255 255] [255]
--- 59 packets received with 13 error(s) ---
[SYNC] New preamble detected @ 415834 (CFO 9425.94 Hz, STO 2)
[SYNC] Estimated SNR: 23.21 dB (1024 samples)
[MAC] Packet demodulated:  [ 0  1  2  3  4  5  6  7  8  9 10 11 12 13 14 15 16 17 18 19 20 21 22 23
 24 25 26 27 28 29 30 31 32 33 34 35 36 37 38 39 40 41 42 43 44 45 46 47
 48 49 50 51 52 53 54 55 56 57 58 59 60 61 62 63 64 65 66 67 68 69 70 71
 72 73 74 75 76 77 78 79 80 81 82 83 84 85 86 87 88 89 90 91 92 93 94 95
 96 97 98 99] [195]
--- 60 packets received with 13 error(s) ---
[SYNC] New preamble detected @ 422884 (CFO 4728.49 Hz, STO 4)
[SYNC] Estimated SNR: 23.28 dB (4096 samples)
[MAC] Packet demodulated:  [ 0  1  2  3  4  5  6  7  8  9 10 11 12 13 14 15 16 17 18 19 20 21 22 23
 24 25 26 27 28 29 30 31 32 33 34 35 36 37 38 39 40 41 42 43 44 45 46 47
 48 49 50 51 52 53 54 55 56 57 58 59 60 61 62 63 64 65 66 67 68 69 70 71
 72 73 74 75 76 77 78 79 80 81 82 83 84 85 86 87 88 89 90 91 92 93 94 95
 96 97 98 99] [195]
--- 61 packets received with 13 error(s) ---
[SYNC] New preamble detected @ 429933 (CFO 9294.03 Hz, STO 5)
[SYNC] Estimated SNR: 23.20 dB (1024 samples)
[MAC] Packet demodulated:  [ 0  1  2  3  4  5  6  7  8  9 10 11 12 13 14 15 16 17 18 19 20 21 22 23
 24 25 26 27 28 29 30 31 32 33 34 35 36 37 38 39 40 41 42 43 44 45 46 47
 48 49 50 51 52 53 54 55 56 57 58 59 60 61 62 63 64 65 66 67 68 69 70 71
 72 73 74 75 76 77 78 79 80 81 82 83 84 85 86 87 88 89 90 91 92 93 94 95
 96 97 98 99] [195]
--- 62 packets received with 13 error(s) ---
[SYNC] New preamble detected @ 436976 (CFO -12019.15 Hz, STO 0)
[SYNC] Estimated SNR: 22.93 dB (512 samples)
[MAC] Error in CRC, packet dropped [255 255 255 255 255 255 255 255 255 255 255 255 255 255 255 255 255 255
 255 255 255 255 255 255 255 255 255 255 255 255 255 255 255 255 255 255
 255 255 255 255 255 255 255 255 255 255 255 255 255 255 255 255 255 255
 255 255 255 255 255 255 255 255 255 255 255 255 255 255 255 255 255 255
 255 255 255 255 255 255 255 255 255 255 255 255 255 255 255 255 255 255
 255 255 255 255 255 255 255 255 255 255] [255]
--- 63 packets received with 14 error(s) ---
[SYNC] New preamble detected @ 444029 (CFO 9306.92 Hz, STO 5)
[SYNC] Estimated SNR: 23.46 dB (2048 samples)
[MAC] Packet demodulated:  [ 0  1  2  3  4  5  6  7  8  9 10 11 12 13 14 15 16 17 18 19 20 21 22 23
 24 25 26 27 28 29 30 31 32 33 34 35 36 37 38 39 40 41 42 43 44 45 46 47
 48 49 50 51 52 53 54 55 56 57 58 59 60 61 62 63 64 65 66 67 68 69 70 71
 72 73 74 75 76 77 78 79 80 81 82 83 84 85 86 87 88 89 90 91 92 93 94 95
 96 97 98 99] [195]
--- 64 packets received with 14 error(s) ---
[SYNC] New preamble detected @ 451073 (CFO 9281.34 Hz, STO 1)
[SYNC] Estimated SNR: 23.76 dB (2048 samples)
[MAC] Packet demodulated:  [ 0  1  2  3  4  5  6  7  8  9 10 11 12 13 14 15 16 17 18 19 20 21 22 23
 24 25 26 27 28 29 30 31 32 33 34 35 36 37 38 39 40 41 42 43 44 45 46 47
 48 49 50 51 52 53 54 55 56 57 58 59 60 61 62 63 64 65 66 67 68 69 70 71
 72 73 74 75 76 77 78 79 80 81 82 83 84 85 86 87 88 89 90 91 92 93 94 95
 96 97 98 99] [195]
--- 65 packets received with 14 error(s) ---
[SYNC] New preamble detected @ 458127 (CFO -7513.34 Hz, STO 7)
[SYNC] Estimated SNR: 23.61 dB (2048 samples)
[MAC] Error in CRC, packet dropped [255 255 255 255 255 255 255 255 255 255 255 255 255 255 255 255 255 255
 255 255 255 255 255 255 255 255 255 255 255 255 255 255 255 255 255 255
 255 255 255 255 255 255 255 255 255 255 255 255 255 255 255 255 255 255
 255 255 255 255 255 255 255 255 255 255 255 255 255 255 255 255 255 255
 255 255 255 255 255 255 255 255 255 255 255 255 255 255 255 255 255 255
 255 255 255 255 255 255 255 255 255 255] [255]
--- 66 packets received with 15 error(s) ---
[SYNC] New preamble detected @ 465168 (CFO 9159.47 Hz, STO 0)
[SYNC] Estimated SNR: 24.03 dB (1024 samples)
[MAC] Packet demodulated:  [ 0  1  2  3  4  5  6  7  8  9 10 11 12 13 14 15 16 17 18 19 20 21 22 23
 24 25 26 27 28 29 30 31 32 33 34 35 36 37 38 39 40 41 42 43 44 45 46 47
 48 49 50 51 52 53 54 55 56 57 58 59 60 61 62 63 64 65 66 67 68 69 70 71
 72 73 74 75 76 77 78 79 80 81 82 83 84 85 86 87 88 89 90 91 92 93 94 95
 96 97 98 99] [195]
--- 67 packets received with 15 error(s) ---
[SYNC] New preamble detected @ 472223 (CFO 1648.54 Hz, STO 7)
[SYNC] Estimated SNR: 24.14 dB (512 samples)
[MAC] Packet demodulated:  [ 0  1  2  3  4  5  6  7  8  9 10 11 12 13 14 15 16 17 18 19 20 21 22 23
 24 25 26 27 28 29 30 31 32 33 34 35 36 37 38 39 40 41 42 43 44 45 46 47
 48 49 50 51 52 53 54 55 56 57 58 59 60 61 62 63 64 65 66 67 68 69 70 71
 72 73 74 75 76 77 78 79 80 81 82 83 84 85 86 87 88 89 90 91 92 93 94 95
 96 97 98 99] [195]
--- 68 packets received with 15 error(s) ---
[SYNC] New preamble detected @ 479264 (CFO 4934.53 Hz, STO 0)
[SYNC] Estimated SNR: 24.12 dB (2048 samples)
[MAC] Packet demodulated:  [ 0  1  2  3  4  5  6  7  8  9 10 11 12 13 14 15 16 17 18 19 20 21 22 23
 24 25 26 27 28 29 30 31 32 33 34 35 36 37 38 39 40 41 42 43 44 45 46 47
 48 49 50 51 52 53 54 55 56 57 58 59 60 61 62 63 64 65 66 67 68 69 70 71
 72 73 74 75 76 77 78 79 80 81 82 83 84 85 86 87 88 89 90 91 92 93 94 95
 96 97 98 99] [195]
--- 69 packets received with 15 error(s) ---
[SYNC] New preamble detected @ 486315 (CFO 1050.24 Hz, STO 3)
[SYNC] Estimated SNR: 24.28 dB (4096 samples)
[MAC] Error in CRC, packet dropped [224  25  18   7   5 135  22 135  13  13  74  11  12  13  31  95  24  25
 178  19  20  53  30 215  29 249  91  27  28  61 158  31  96  97  58 227
  36  37  62  39  40  43  62  59 172 239  47 191 176  53  50  51 119 183
  54  55  62  63  58  63  61 125  63 191 112 113  66  67 101 205 206 199
 108  89 234  75  76  77  78  79  90  81 114 115  93  85  86 223  90  93
  90  91  92 125 126  95  96 103 122 123] [195]
--- 70 packets received with 16 error(s) ---
[SYNC] New preamble detected @ 493367 (CFO 7760.70 Hz, STO 7)
[SYNC] Estimated SNR: 24.31 dB (4096 samples)
[MAC] Error in CRC, packet dropped [128   1  18  19   4   7  38   7  12  13  74  15  13  29 174  47  16  17
  54  19  20 221 222 215  25 153 154  27  60  29  30  63  32  33  38  35
  36  53  54  55  40  47  46  47 172 173  47 191 176  51  50  51  52  53
  54  55  60  57  58  59  60  61  62  63  96  65  70  67  68  77  87 215
  72 121  91  75  76  77  78 207 216  81  82  83  87  87 118  87  94 221
  90 219  92  93  94  95  96 115  98  99] [195]
--- 71 packets received with 17 error(s) ---
[SYNC] New preamble detected @ 500409 (CFO 8810.71 Hz, STO 1)
[SYNC] Estimated SNR: 24.38 dB (1024 samples)
[MAC] Error in CRC, packet dropped [223 151   6  97  98 227  12  29 198  31  56  57  10  43 127   5  14  15
 208 209  27 211 180  31  22  23 120  29  30  31 220 205  31 159 187 179
  35  55  36 230 230 229  56 237 171 171  60  61 110  63  54 241 243 243
  44  61  54  63  56  57  62 123 126  45  62  63 193 193 123  67  68  55
 118  39  72 111  78  79 207 253  79 127 112  87  86  95  86  85 222  87
  88 121 218 123  62  93 222 223 108 225] [227]
--- 72 packets received with 18 error(s) ---
[SYNC] New preamble detected @ 507462 (CFO -6201.82 Hz, STO 6)
[SYNC] Estimated SNR: 24.60 dB (1024 samples)
[MAC] Error in CRC, packet dropped [255 255 255 255 255 255 255 251 247 255 255 255 255 255 255 255 255 255
 255 254 255 254 255 251 255 247 247 255 255 255 247 231 255 254 255 253
 255 255 255 253 255 254 255 255 255 255 223 255 255 255 255 255 255 255
 223 239 255 247 207 255 255 255 235 251 255 255 255 255 255 255 255 253
 255 255 255 255 255 255 255 247 191 255 253 255 191 255 255 255 255 255
 255 236 255 255 253 255 255 191 255 255] [191]
--- 73 packets received with 19 error(s) ---
[SYNC] New preamble detected @ 514507 (CFO 4159.95 Hz, STO 3)
[SYNC] Estimated SNR: 24.82 dB (2048 samples)
[MAC] Error in CRC, packet dropped [233 140  53  25  99 231  29 194 197 197  52  62 142 126 104 250  20 254
 250  27  30  30 147 195  45  70  76  41  52  54 232  39  38  38 219 152
  93 158 159  20 164  27  17 171 173 237  67 240 241 251  92  84 150  95
 111 178 181 213  68 110 250 110  56 187  48 190 184 123 126 124  67  65
 189 198 204 177 166 166  24 135 134 134 171 168 221 186 208 236 232 107
  56  58 102  63 144 144 246 155 155 126] [53]
--- 74 packets received with 20 error(s) ---
[SYNC] New preamble detected @ 521553 (CFO 4520.02 Hz, STO 1)
[SYNC] Estimated SNR: 24.84 dB (512 samples)
[MAC] Error in CRC, packet dropped [128 127 118 255   6   7 222   7   8   9 242  11  14 245 239 239  16  17
 222  51  51 157 159  31 119  25  10  26 217 253  31 251 225 167  51 238
 236  39  38  39 216  47  42  47 183 191 103  47  32 207 255 255  52  21
 190  54  56  57 254  59  61 221 155 223  64  65 182  67  71 125 110 127
 204 121 122 123 203  79 119  79 208 127 126  95 215 247  95 247 127 126
  91 127 124 207 223 159  99 241 251 250] [71]
--- 75 packets received with 21 error(s) ---
[SYNC] New preamble detected @ 528602 (CFO -11222.87 Hz, STO 2)
[SYNC] Estimated SNR: 24.64 dB (2048 samples)
[MAC] Error in CRC, packet dropped [255 255 255 251 127 255 255 191 191 255 255 255 255 255 255 255 255 126
 255 254 255 255 221 255 191 127 255 253 222 255 255 253 255 127 255 191
 255 251 255 251 223 255 255 255 255 255 223 254 255 123 255 127 187 253
 221 255 249 255 255 255 255 255 222 255 191 126 255 191 223 255 247 191
 223 255 255 247 127 254 254 247 255 255 255 255 119 255 255 255 223 127
 127 255 127 247 253 254 255 124 221 254] [191]
--- 76 packets received with 22 error(s) ---
[SYNC] New preamble detected @ 535655 (CFO -5672.16 Hz, STO 7)
[SYNC] Estimated SNR: 24.71 dB (1024 samples)
[MAC] Error in CRC, packet dropped [255 255 255 255 223 255 191 255 255 255 255 255 255 255 255 255 223 255
 255 255 255 255 255 255 255 255 255 255 255 255 255 255 191  63 255 255
 255 239 255 253 253 255 255 255 255 255 255 255 255 255 255 255 255 255
 255 255 191 255 255 126 255 255 255 255 223 219 255 255 255 255 255 255
 255 255 255 255 255 239 255 123 255 255 255 255 255 255 255 254 223 255
 255 251 251 255 255 255 255 255 255 255] [253]
--- 77 packets received with 23 error(s) ---
[SYNC] New preamble detected @ 542701 (CFO -7995.38 Hz, STO 5)
[SYNC] Estimated SNR: 24.61 dB (1024 samples)
[MAC] Error in CRC, packet dropped [255 255 255 255 255 255 255 223 255 255 255 255 255 255 255 126 255 255
 255 255 255 255 255 127 255 255 255 255 255 255 191 255 255 255 255 255
 255 255 255 255 255 255 255 159 255 255 255 255 255 255 255 223 255 255
 255 223 255 255 255 251 127 255 255 255 255 255 255 255 255 255 191 255
 247 255 255 255 255 255 255 255 255 255 191 191 255 255 255 255 255 255
 255 253 253 255 255 255 255 247 255 255] [255]
--- 78 packets received with 24 error(s) ---
[SYNC] New preamble detected @ 549746 (CFO -12214.30 Hz, STO 2)
[SYNC] Estimated SNR: 24.47 dB (2048 samples)
[MAC] Error in CRC, packet dropped [247 255 255 255 191 255 255 255 247 255 255 255 253 255 255 255 247 191
 255 255 247 255 255 255 255 255 255 255 255 255 255 255 255 223 255 255
 255 223 253 254 254 255 247 255 255 255 255 255 239 255 247 223 191 127
 255 239 255 255 255 255 127 255 255 255 119 255 254 255 255 255 253 239
 255 255 255 255 255 255 255 255 255 253 215 253 253 255 223 255 109 255
 247 255 255 253 255 253 255 223 255 237] [254]
--- 79 packets received with 25 error(s) ---
[SYNC] New preamble detected @ 556798 (CFO -6340.89 Hz, STO 6)
[SYNC] Estimated SNR: 24.37 dB (4096 samples)
[MAC] Error in CRC, packet dropped [255 255 255 238 255 255 255 255 255 251 255 255 247 119 255 254 255 239
 239 255 255 253 223 251 255 255 255 127 255 254 253 255 255 255 255 255
 255 255 247 255 255 255 223 223 253 255 255 255 191 191 255 254 175 255
 255 255 255 251 255 191 191 183 255 118 255 255 255 255 159 253 255 187
 247 253 127 127 239 254 253 255 255 191 255 255 247 127 127 127 239 239
 255 255 255 255 187 255 255 255 191 254] [255]
--- 80 packets received with 26 error(s) ---
[SYNC] New preamble detected @ 563841 (CFO -2445.32 Hz, STO 1)
[SYNC] Estimated SNR: 24.32 dB (2048 samples)
[MAC] Error in CRC, packet dropped [ 63  62 127 199 199 255 135 143 143 191  31 143 255 255 255 156  61 247
  27 159 255 255 255 159 251 255 219 252 127 159 255 240 241 189 243 230
  63 186  63 236  63 190  63 255 255 191 255 248  63  62  63 247 255 255
 255 251 191 187  63  63 255 255 255 252 124 238  91 255 239 223 223 111
 249 255 235 238  77 254 207 255 113 251 123 255 243 127 223 255 223 255
 223 220 127 255 127 240 127 254 127 227] [120]
--- 81 packets received with 27 error(s) ---
[SYNC] New preamble detected @ 570893 (CFO 3453.36 Hz, STO 5)
[SYNC] Estimated SNR: 24.47 dB (2048 samples)
[MAC] Error in CRC, packet dropped [220  12 197 141 204  48  55 152 124  96 102  40 108 248  52  60  61 193
  68 127  79  80 116 120 126 224 124 120 127 251 244 127 126 230 236 142
 190 209 157 155 156 167 183 191 188 240 246 184 248 217 199 203 204 240
 247 216 252 224 228 233 237 248 244 248 255   7   5 255  15  17 253 217
 221  33 189 185 191  55 117  62 223 193  93  89 125 217  95 121  93  97
 101 105 237 249 119 123 125 187 135 143] [143]
--- 82 packets received with 28 error(s) ---
[SYNC] New preamble detected @ 577942 (CFO 11694.33 Hz, STO 6)
[SYNC] Estimated SNR: 24.16 dB (2048 samples)
[MAC] Error in CRC, packet dropped [ 38   1   2   3 141 157   7  23  27  57  10  75 108  13  14  15 216 153
  19 147  20  23  54  55  24  79  62  95  28  29 158  31  56  57  34  51
  54  37 102 103  44 105 234 251  44  45 182  47  51  49  50  51 116 253
  54 255 185 185  59  59  60  63  62  63  68  77  66 203 204  69  70  71
 120  75  74  79 108  77 206  79  80 217 218 211  84  85  86 119 120 121
  94  91  92 221 223 255 113  97  99  99] [227]
--- 83 packets received with 29 error(s) ---
[SYNC] New preamble detected @ 584991 (CFO 9881.83 Hz, STO 7)
[SYNC] Estimated SNR: 24.29 dB (4096 samples)
[MAC] Error in CRC, packet dropped [ 64   1   2  11   4 133   7   7   8   9  26  11  12  13  14  15  28  25
 146  19  21  53  54  55  24  25  90  91  28  29 158  31  32  33  34  35
 100  37  38  39 104  41  42  43  45  45  46  47  48  49  54  51 244  53
  62  51  56  57  58  59  60  61  62 127  76  65  66  75  93  69  71  71
 104  73  74  75  76  77 206  79  88  81  83  83  84  85  86  87  88  89
  94  91  92  93  94  95  96  97  98  99] [195]
--- 84 packets received with 30 error(s) ---
[SYNC] New preamble detected @ 592036 (CFO -7460.46 Hz, STO 4)
[SYNC] Estimated SNR: 24.19 dB (512 samples)
[MAC] Error in CRC, packet dropped [255 254 255 253 255 255 255 187 255 255 255 255 255 254 255 255 255 159
 255 255 255 255 255 255 255 255 254 255 255 255 255 255 255 255 247 255
 223 239 254 255 223 255 255 187 255 255 255 127 255 255 255 255 253 255
 255 255 255 255 255 255 255 255 255 255 255 223 251 255 255 255 247 255
 255 255 255 253 255 255 255 255 255 255 255 127 127 254 255 255 255 223
 255 255 243 255 253 253 255 254 253 223] [255]
--- 85 packets received with 31 error(s) ---
[SYNC] New preamble detected @ 599085 (CFO 11866.52 Hz, STO 5)
[SYNC] Estimated SNR: 24.15 dB (512 samples)
[MAC] Error in CRC, packet dropped [  0   9 139 147   4   5  54   7   8   9  78  11  12 205 143  15  16  49
  18  51  54  21  22  23  92  25  26  27  29  29  30  63  34  97  34 103
 108  37  38  39  40  41  42  43  46  47  46  47  48 185 250 187  52  53
  54  55  56  57 122  59  60 189 190 191  64  65 114  67  70 101  70 103
  76  73  74  75 205  77  95  79  80 115 114  83  84 213  94 215 216  89
  91 123  92  95  94  95  96 237  42 235] [195]
--- 86 packets received with 32 error(s) ---
[SYNC] New preamble detected @ 606129 (CFO 11411.94 Hz, STO 1)
[SYNC] Estimated SNR: 24.44 dB (2048 samples)
[MAC] Error in CRC, packet dropped [  0 129   3 131  20  21   6  23  40  57  14   3 196  13  14  14   0 128
  16  17  48  17  18  19 216  25  10  11  13  14  14  15   2   3   2   7
   0 101 231  39  49  40   8   9  44  44  14  47  62 113 243  51  52  53
  22  23  24  25  28 123 252  61  62  63  64 192 104  65  68  81  66  67
   8  65  66  67  68  76  70 127 112  67  16  17  20  21 154  23   8  72
  90 105 111  92  30  31 100  33 162 163] [219]
--- 87 packets received with 33 error(s) ---
[SYNC] New preamble detected @ 613183 (CFO 9334.64 Hz, STO 7)
[SYNC] Estimated SNR: 24.51 dB (512 samples)
[MAC] Error in CRC, packet dropped [192  13  10  27 133   7   7   7  14  15  74  15  12 205 207  31  24  17
  50  19  22 117  86  87  28 217 219 155  28  29  30  63  32  33  46  99
 100  45  62  39 168  59  58  59  46 111  46 175 240  57  58  59 181  53
  54  55  58  63  58  63  60 253 254 191  88  81  66 115 102  69  70 199
  76 201 203 219  76  77 126  79  82 113  82  83  92  93  86 223  91  89
 122  91  92 127 126 127 224 101 106 123] [195]
--- 88 packets received with 34 error(s) ---
[SYNC] New preamble detected @ 620227 (CFO 9671.06 Hz, STO 3)
[SYNC] Estimated SNR: 24.53 dB (512 samples)
[MAC] Error in CRC, packet dropped [216   1   2   3   6  39   6 103  12  77  10 207 140  29  30  31  25  19
  51  23  20 117  86 215  24 153  27 155  28  29  62  31  32  33 238  35
  36 173  55 191  43  57  42  43 108 109  46 239 188  49  50  51  55  53
  55 119 126 127  58 255 188  61  62  63  83 115  66 115 100  69  70  71
  72 201 203 203  92 109  78 111 112  81  82  83  84  85 214  87  88  89
  90  91  94  93  94  95 108  97  98  99] [155]
--- 89 packets received with 35 error(s) ---
[SYNC] New preamble detected @ 627272 (CFO -2794.34 Hz, STO 0)
[SYNC] Estimated SNR: 24.33 dB (2048 samples)
[MAC] Error in CRC, packet dropped 